15498.090448513436
15413.901037306592
14727.924546494365
14126.118063240447
13581.505157823562
13100.14747096135
12660.051457627074
12245.752454061956
11869.957133331962
11517.542350252606
11191.819503278753
10877.688010966735
10613.393349248261
10334.564522453433
10080.177918965452
9845.388445491357
9620.591279380604
9404.195158092483
9207.846616430343
9032.340547849255
8854.647285463543
8670.45280307882
8497.742943139956
8339.56623758233
8192.373099267747
8050.315549078045
7907.482782990204
7778.170136298691
7638.1520405072915
7500.487977115635
7366.0364599136865
7243.865623866501
7122.644297037867
6990.216210334955
6864.997378233501
6757.551012461255
6653.193517946392
6546.906189676093
6450.338424519561
6351.898075997961
6255.844567862286
6171.2256829196795
6086.952562329667
6003.25706063876
5907.57873931732
5834.7602599874335
5754.7974771248955
5680.3032762970415
5603.905560694785
5530.567058566213
5450.098620118592
5379.3000406425535
5298.344365744243
5228.6570513796405
5161.455339790447
5091.188176158371
5030.142396062206
4972.609698815935
4915.892547320157
4853.510302927143
4798.451028116788
4746.981782835534
4688.072367081698
4638.486577231175
4582.999416854049
4532.177964804238
4486.367727637734
4435.434675884793
4381.2667018150805
4329.860047787068
4281.098246884982
4232.668766853953
4180.372180208145
4127.9617675702875
4080.361123052829
4032.666356408772
3985.5824860440694
3935.2126074239404
3890.6869866567304
3853.905683716292
3810.4659572973374
3757.522313460657
3700.7814136178563
3652.398822852691
3609.9516574134714
3559.7654767885206
3511.0131773936537
3466.683297698515
3417.1000882627686
3374.7535646423726
3326.1170250306564
3285.4041850183467
3241.9565139355973
3201.797729206007
3156.9114427357326
3113.814123492451
3076.769566368418
3033.01602251555
2992.9722392432814
2951.8273006063464
2909.9262271644043
2863.0158680356635
2822.395884866968
2779.6174132894644
2737.8275962756047
2694.3376345490956
2652.192123434418
2606.991628851781
2568.0062247411142
2533.1664966966605
2491.9607399394895
2453.274794823221
2414.0611919222406
2372.5913433815886
2331.494344348618
2292.0080875182102
2258.285391842158
2225.0921008145892
2186.4375091008224
2145.554208574126
2105.0161772560987
2068.3837707748703
2032.6736410874664
1998.2299501634527
1962.1525396515374
1924.4553151560342
1889.4680221874432
1853.4239791786938
1818.4009045104895
1785.1269542855682
1750.2352173021702
1716.028741281348
1684.6955217441066
1652.3541946994467
1620.0841554339634
1591.5524300369964
1563.5136063806822
1538.323759607184
1506.4404679113402
1480.0060728378492
1452.7105218618112
1425.3383489004207
1398.9009087659003
1367.3678324413318
1337.1361415441816
1308.5436923553464
1280.5175416456902
1254.2107200590542
1226.7688174068676
1196.632973851934
1165.8691683371637
1135.9024917574836
1101.5288283921825
1069.168938026967
1033.617043227109
1001.5633838975199
970.0281945198267
935.1486334357728
900.340817485925
864.5725308454885
820.9026607559315
776.9915241730339
733.1592765895547
691.0677245526857
658.7164041777136
622.1348640229978
605.7425131894065
591.4431942691498
578.27518878236
564.9606775616678
554.0127559507472
543.1627129716195
532.0746481290373
522.5240943152129
513.0758783924143
504.05628867012655
491.8020774914164
479.24543437104427
467.1756347865269
456.5209670877962
445.12313736468917
434.47931250519395
426.1638072106419
417.451311204956
409.57149657981404
402.22961959470763
395.61293237779546
389.66263692021994
383.70333128666095
377.677016960345
372.3479261612424
366.3857768864954
360.90128130451194
354.5134323334032
348.55532453981874
342.5507856472939
336.6637290233367
329.0906858536237
321.51848021890186
314.51900374810714
310.11217490651205
305.38417844060734
300.97016034416896
296.534583371583
292.0867719834382
288.20774141146626
284.2370772324309
280.637702147877
276.9877825461944
273.6187218731312
270.76413529456573
267.89777118602194
265.2711079620894
262.3170671572351
259.8887811921449
257.380097743397
254.96649394255235
252.0151266259695
249.12176659529084
246.35939530668864
243.69132933101676
241.05299534121127
238.2883195812652
235.85008355056868
233.3069799310915
230.98200697663805
228.19883202563054
226.31291387554845
224.17221429348785
222.20875672376542
220.13619764209182
218.23411844801208
215.81755572588904
213.28572056498004
210.97845049404782
208.87617215901258
206.8652523306759
205.13440402952847
203.11557758447287
201.22262425171562
199.55740265502558
197.8263177584915
195.9710736576676
194.3541338528909
192.6849283053374
190.75926547960898
189.34072118244632
187.97556923948244
186.65154614691647
185.42345538255634
184.3242228534514
183.1763929907131
182.10848445053784
181.25676296768123
180.40547957927632
179.49477861083875
178.6734910097637
177.78947724106416
176.91994810647162
176.04401608463203
175.19413684085578
174.42871782970553
173.53271911293155
172.67870588940417
171.78160042335935
171.11048042738045
170.33398397901647
169.63177196679806
168.99132038801878
168.31726620888367
167.57128950407736
166.9145823360397
166.14060347911285
165.5031947578177
164.8657983118011
164.32963377778313
163.77009653021335
163.19065826905305
162.6632191814511
162.1533373911197
161.5439975890011
160.99721468066394
160.5235774337121
159.99231556587085
159.46583869675362
158.95412411515474
158.3506229232487
157.8739142804274
157.27330830287468
156.7173308417122
156.242962696904
155.74991079001035
155.27345227948646
154.83144288829257
154.42694266011256
154.01641967486984
153.55230088774726
153.1585510568455
152.73116511207306
152.30432253617545
151.9499304900599
151.54120638906306
151.15431611031917
150.66807968801157
150.25211680440873
149.70777856481925
149.11789107787948
148.47363551902876
147.86252155152238
147.26093932139156
146.6852012594831
146.12048957059523
145.6562227396155
145.0670368972509
144.50504450388826
144.0140027946093
143.4874205785892
142.97847511184415
142.5084530781819
142.0437430195288
141.6042238398434
141.23731337539908
140.81079184055648
140.35460838703682
139.9120877209271
139.49533079202087
139.0036520333792
138.51302210183147
138.07937139265334
137.61775373450502
137.1849320048775
136.75011616505157
136.3799874156527
135.93888958529377
135.51753923997862
135.0729749263674
134.65264894583686
134.24741822166447
133.78788599340245
133.3464146773894
132.95709303594572
132.596371966561
132.30409020609295
131.85120017866907
131.4941916386672
131.16754547162657
130.85841196699656
130.5348348339317
130.31505919512665
130.08908272754053
129.91160692524798
129.69236166295312
129.48705248452768
129.29741297311045
129.0837094879053
128.87688655976507
128.69723733558993
128.49373212411743
128.26121628543783
128.08336122457158
127.89324176697087
127.68858496725379
127.49078112203406
127.34477782309062
127.14344286900835
126.86636201624724
126.61904030551601
126.3666199946386
126.14382352146801
125.9114592377904
125.67535020820965
125.46967825891875
125.21318841895832
124.94510757382405
124.67670740817408
124.46775553179859
124.26588834422202
123.99062945013183
123.73019892316191
123.49787109647338
123.2507363305095
123.01687651188527
122.80770962823212
122.5476183379507
122.2667258613621
121.98455408000414
121.75722986472962
121.49808094094631
121.25058226211158
120.98242685048018
120.74526934290597
120.544231043318
120.30602165042977
120.05333229030077
119.78534054467599
119.55557956035753
119.32387565035212
119.11674250867
118.93634595776987
118.7258561496519
118.50355282589383
118.31422477837253
118.07143514875344
117.8655987348927
117.6605641201663
117.4576271519647
117.2337646581069
116.99185104527905
116.70769964611186
116.45648880946774
116.12917251052345
115.84258892022864
115.5786878440068
115.2877308371052
115.05092781087178
114.76037482032329
114.45800654258761
114.13890087113735
113.82672370105936
113.54980941912515
113.23390074269622
112.96645357187103
112.71105677477462
112.44625729313331
112.10367492546101
111.74737203432815
111.40918131411843
111.09067525674725
110.77559118647673
110.48606826439723
110.17714615844532
109.9118658480509
109.61528947243416
109.33243511848953
109.08980731070625
108.82629261470112
108.56202161619443
108.3015683399461
108.03958939921345
107.81166946751266
107.57011568054503
107.34125621570058
107.07824378280677
106.8007422976685
106.58860179586806
106.3629513138154
106.1217336239915
105.94084465335348
105.72493564946343
105.53755017299451
105.33514490121942
105.05879554210874
104.82311880215465
104.56553868266104
104.28253486789319
104.0487082617635
103.80292330338548
103.54401035245877
103.27704091336638
103.04161492441057
102.8168932055559
102.59479236021264
102.352706052026
102.13512989265917
101.89919558179562
101.63435933375581
101.42984494841924
101.24517755402947
101.05484992009109
100.84862513957324
100.60573176342368
100.40709836561243
100.2117502648457
100.01161235986032
99.84755070431481
99.6720284485466
99.50431852783996
99.35475474872504
99.18023819144628
99.04873942930521
98.88883622469996
98.69094351105234
98.52885056119429
98.40439151787649
98.26725793567806
98.13707759316993
98.0088164969911
97.87039155208717
97.74798510565624
97.62954831288076
97.52426192836919
97.41001203930335
97.30690212980127
97.20203263189399
97.1002817598772
97.00514618746206
96.90740207218755
96.81439093642734
96.71476485867487
96.61481040309471
96.52513966780722
96.43334830509444
96.34766285509247
96.2609564621637
96.1639691631883
96.0721166591252
95.98063068721763
95.88565204825665
95.79776521435058
95.72231521185796
95.64764531174787
95.5699460789157
95.50450465026528
95.43953786841114
95.3707109784731
95.28686206282427
95.20666439427424
95.13689054351318
95.05959247700449
94.97969643192334
94.91330950277559
94.82822303038347
94.75568432686177
94.68029949136044
94.6188776796737
94.53952963120227
94.47490199422636
94.41771425504623
94.34638166779956
94.28611817601109
94.22477016556351
94.16986139185673
94.11070721146936
94.0574871875107
94.00047940113042
93.93174216770205
93.8759498110459
93.82061258853638
93.76923550174938
93.71302331570583
93.65315823664962
93.59621575396184
93.53405685274171
93.48236230614161
93.43475414423108
93.39252357434695
93.32061361709734
93.26586712666095
93.20562041274496
93.14981915358524
93.09794091633043
93.05599347649154
93.00263403636916
92.95494274014999
92.90005358461127
92.83833107994997
92.80001861141287
92.74740215879332
92.6947926012968
92.64867674119783
92.60995293242375
92.5720747452241
92.53806023278989
92.49459347621297
92.45806904967151
92.42472222071979
92.39406824410425
92.35799269407431
92.32787646312475
92.29407323324214
92.25567410426385
92.22343569043217
92.1849189137641
92.14475361227288
92.10722118736354
92.07950614772744
92.05855313336843
92.02234169961098
91.99221353723709
91.96085543394864
91.91999705053246
91.88251685335904
91.85130746109357
91.81702325885018
91.79121210401286
91.7610741805126
91.7250116450227
91.69060198035862
91.66533796614158
91.63403789730961
91.60639470326896
91.57626828191395
91.54973859579049
91.52607255950522
91.50656828612358
91.48332032203423
91.45732195525632
91.42777088220865
91.40386949286153
91.37993008815396
91.34486039354587
91.30605030622256
91.28073066589839
91.25245304729125
91.22468062642507
91.19926353903068
91.16454848281064
91.1409209590181
91.1111759960283
91.07954749737772
91.05487331050975
91.03226044477032
91.00981305390948
90.98488062646396
90.96113379688755
90.94022865447884
90.91594012451337
90.88930519194841
90.86578724818395
90.8461177328276
90.82386080534046
90.79810900974678
90.77415795192614
90.75241993577507
90.72542921599558
90.70217561920435
90.67948803438821
90.65858280420332
90.63497790867356
90.60783591679859
90.58590156494235
90.56720743704994
90.54572272372565
90.52313588861605
90.49701527160428
90.48168017742799
90.45750948410696
90.43450254733432
90.41924167789273
90.40147362965433
90.37930690481905
90.35809176394804
90.3334623240071
90.31336799433784
90.2961103755246
90.27332970948866
90.25108539962736
90.23077222639427
90.21559921531696
90.19628122087703
90.17373691722838
90.15088115057813
90.1287620669661
90.11282312792757
90.08994862868079
90.06692940431927
90.04717810264523
90.02904909906007
90.00821182493448
89.9952128645181
89.97626980273132
89.95454788214991
89.93565141654926
89.91456445797431
89.89617062658378
89.87425442627955
89.84974945536291
89.83499349433177
89.81590719607472
89.79966616555504
89.78741136720636
89.76940026023834
89.75632485914406
89.73997363356051
89.72896744025554
89.71538979245568
89.70148729448121
89.68769487142983
89.66757122994849
89.65059743146429
89.63225948989
89.61658387463586
89.59842627813575
89.57695279023115
89.56327117465509
89.54283237970289
89.52483476716458
89.50557216127447
89.48987641206787
89.4665434289569
89.451491262769
89.43624053362737
89.41986570367762
89.40304090948408
89.38509219341819
89.36218374716736
89.34904457976066
89.333820936762
89.3095870003857
89.29117864444888
89.27083477820166
89.25573501551688
89.23139081104765
89.21293307413788
89.1969545139335
89.17649723578376
89.16277836848687
89.14226086290955
89.1237653866525
89.10736277194312
89.09048763806277
89.06838538541325
89.05075373725782
89.0323945386822
89.01541119989236
88.99629314129129
88.98011902298785
88.9638598449989
88.94486275138598
88.92375479342999
88.89916497924939
88.88276641813545
88.86643116368876
88.84459634732337
88.82637684454498
88.8059395610534
88.78899482717856
88.76941310044924
88.75008623946393
88.73766388945086
88.72026409129288
88.706379956817
88.68473615402907
88.66408203367234
88.64576628079394
88.62422322801972
88.61222373033792
88.59303841068308
88.57799028555414
88.56127991929915
88.54645418204369
88.5305899801175
88.51038192874714
88.49218416070812
88.4737832109943
88.45442413803448
88.4329475160139
88.41253561066736
88.39182058873712
88.37096022716423
88.35097258107214
88.33423205007519
88.31227766755686
88.29495667626547
88.27844177908682
88.25975430986784
88.24403238856402
88.23052097604474
88.2141871137341
88.19361760972879
88.17411102388841
88.15424223131507
88.13853955713311
88.11945946654225
88.0971529847715
88.07352923377104
88.05645164771215
88.0400092561013
88.01547643302865
87.98984524292983
87.96889252576321
87.94832727416095
87.93068188498009
87.90970017362932
87.88799529167491
87.86316489868628
87.84262998111254
87.81957391986981
87.79679332837011
87.77816677655292
87.75841441292674
87.73404008728946
87.71496199281299
87.69240346863106
87.66537220314756
87.63759744081025
87.60768988268373
87.58400428589309
87.56032336129465
87.53309763333621
87.50475370821871
87.47736821950936
87.45279829520084
87.42394379549468
87.39809509430825
87.3740419866543
87.33892988988737
87.31027848906965
87.27967487919162
87.24499952248784
87.21072577410752
87.17991688997816
87.14631868716364
87.11941233044354
87.0834738513453
87.05578421076203
87.02625484759461
86.99209859962897
86.94573522670146
86.91159978817802
86.87705598271465
86.8502843026742
86.8367499472447
86.82339773613322
86.81356185192794
86.80160207323053
86.7868784407385
86.77238449274759
86.7569828737677
86.74009889971427
86.72702649674441
86.71343811887313
86.70099361736979
86.68607564409285
86.67529840302262
86.6652281877542
86.65151023063856
86.638635890244
86.6259175332979
86.61197039319565
86.59647819260124
86.58542693751433
86.57010870861028
86.55576700142903
86.53322309023193
86.51465357485962
86.50258477732099
86.48360349356352
86.46872076349723
86.45497362786907
86.43811920998372
86.42608836529485
86.40872529756592
86.39763801961591
86.38635827367217
86.37533612144352
86.35782616627073
86.34905942898966
86.33065330153175
86.3223421284041
86.309704832995
86.3000897649647
86.29052772805363
86.28016597927203
86.26674815720213
86.25345291675973
86.24279948062326
86.23388055173271
86.22247866604508
86.20893751197356
86.1917509427748
86.17976597390262
86.16320286488579
86.1522356611514
86.12953760746845
86.11458913533752
86.10167128981178
86.0793191799581
86.0621935152978
86.04895054407861
86.03246621524644
86.01489835971172
85.99833508422618
85.9831314030164
85.97289248152877
85.96100235607693
85.9413487601124
85.92860019452186
85.91269975758193
85.90119008094281
85.87958649009414
85.86447116146104
85.84707614879812
85.83013267035548
85.81293133769363
85.79758335164266
85.77385798388619
85.75317845001454
85.73439490547338
85.71484985427583
85.70101362318158
85.67914276351186
85.66043657845876
85.6423954668216
85.6216377909767
85.60374190960412
85.5862707209311
85.56550438068827
85.54491948164201
85.52337784537767
85.49958694258848
85.47976114286365
85.45599407607489
85.43587173894787
85.4069591131874
85.38504621692536
85.36614102254805
85.34676304454723
85.33009406984846
85.30823036423809
85.28256670998356
85.26728681519963
85.2408725347185
85.22013795249512
85.19937370078512
85.17363553065366
85.1483443848117
85.12587938769607
85.10081271293035
85.07490446435975
85.0487099879231
85.0232912450304
85.001117812366
84.97368346809142
84.95089919325623
84.92434941306689
84.90570529183333
84.88520011040576
84.86500965562286
84.84226416667518
84.82652848238962
84.80633094624616
84.7847048620961
84.75865763043566
84.73529688301693
84.714747001677
84.69173721308367
84.672950167827
84.65379311398252
84.6276757726166
84.59696227136915
84.57013803042048
84.5438978637742
84.5118740146161
84.4787524002951
84.44712911798047
84.40540448268041
84.36355098428712
84.32246442754175
84.27682023924794
84.22798393569676
84.17250526750996
84.12607468116548
84.07280939598564
84.01900910504722
83.97302883900373
83.91727492951765
83.85376277307554
83.79919651228433
83.7448453849224
83.7022208150196
83.65226315334934
83.60379399767329
83.55825386251219
83.52106241235742
83.47362494648007
83.42960962738012
83.37594795607399
83.3285955884133
83.28361544523307
83.23589533819612
83.19334400059532
83.14608794355708
83.09756736922014
83.04922575481203
83.01440606501761
82.97852905519727
82.79658870609295
82.59905414353679
82.3969711877863
82.20537761702894
82.02873142278625
81.83873217283094
81.66296027028602
81.47698319528651
81.27745092199363
81.06575632508454
80.87126876821824
80.68127416495454
80.48746158034203
80.27576538760097
80.10229462191103
79.89646521967522
79.69497730543038
79.51454150597246
79.33068801226506
79.16557176911091
79.00612965006067
78.84320077329805
78.70395489995795
78.54379619658445
78.37469137063397
78.22384929493279
78.08554361396604
77.93777612168321
77.78482110562535
77.62316347239968
77.43273219484898
77.23356518719012
77.0326763768473
76.82050770709722
76.62754976655984
76.44418469496645
76.2786839956832
76.11115145564526
75.94094762421513
75.74711622599966
75.59499958593909
75.53092169201314
75.46948955839012
75.41137702195547
75.35754488113426
75.30964943320382
75.26377748572136
75.21921753624684
75.17842621561601
75.13437846523121
75.09961391198884
75.06614966852705
75.02883675102672
74.99291701876894
74.95413168513022
74.91293467601129
74.88743381065817
74.86402440311826
74.84438331946552
74.82497339762807
74.80740688342283
74.79145538351094
74.77602687463343
74.76241133390624
74.74932605430563
74.7376118310458
74.72699685171153
74.71690292840691
74.70714888743305
74.69837103528963
74.6897548661716
74.6815111160544
74.67438291863084
74.66732052908625
74.66076016495968
74.6544504551394
74.64862657519922
74.64341529139625
74.63849803766504
74.63380604481324
74.62916452378076
74.62478683332793
74.62054192014145
74.61641431103871
74.61271320594068
74.60845500362059
74.60416633142677
74.59953333986445
74.59440952268349
74.5887556697494
74.58349847734341
74.58022611357771
74.57881810325108
74.57748888968868
74.57604037840144
74.57460724966614
74.57295257610127
74.57123323854927
74.56954000096364
74.56796169680987
74.56755186256237
74.56717587824687
74.56683911987707
74.56654811960007
74.56623696288295
74.56594424055037
74.56566226479721
74.56541960294389
74.56518045203208
74.56494368244746
74.5647496034432
74.56456557869184
74.56437847513939
74.56421591561164
74.56406776348153
74.56391492485619
74.56377842097496
74.56365607297002
74.56353581004988
74.56341716073668
74.5633207224565
74.56322196663619
74.56312805264008