24283.49504416414
24249.41665361263
23579.02185914241
22984.487842292096
22363.21653264582
21881.65844522009
21357.474425245568
20893.843436483476
20492.698694164796
20056.37416284413
19685.4713060757
19284.002034473986
18943.759112777378
18629.53359629931
18324.36364386168
18049.9603174773
17759.428066057368
17507.291517780133
17235.709139899627
16999.39230623166
16753.542531773914
16547.58772802426
16358.52138846543
16143.86389805218
15958.226085963786
15769.685180904566
15601.419799667015
15412.97419429064
15240.998311631256
15084.984719375127
14919.910999186448
14794.471689384916
14668.349447850685
14528.938906690306
14403.535227089375
14271.151426854289
14132.65690239891
14010.935051219009
13881.59622327357
13756.80674013038
13655.766433223798
13538.728267324797
13445.197641780554
13340.038774415658
13229.151599370296
13121.575562204323
13029.449021164297
12928.08132813254
12824.380366602743
12726.996822874224
12616.908398613781
12535.598960525373
12435.433058658682
12360.133269369395
12277.914228026017
12201.772150817716
12113.110379274121
12032.138547968982
11951.078697556299
11876.209798219224
11795.633754596258
11713.883624799711
11641.591998626438
11562.046267757476
11487.104537774867
11421.259373044524
11352.456721617064
11274.526426320643
11201.715782017727
11131.229734084118
11059.260496619372
10993.783813634733
10927.26133449021
10868.382715567062
10799.784157129146
10732.16637391864
10657.888255430204
10594.388001850699
10539.143787180965
10482.695193137148
10419.88061470338
10356.737106031018
10293.249256692818
10239.092247379227
10190.10492293405
10132.85863677248
10069.27972609772
10009.08214144216
9960.807086122717
9906.874702432067
9854.578859695506
9808.3288878375
9759.090101410113
9719.187613776829
9671.724173258606
9629.640719971096
9584.942491846698
9531.179667964769
9480.917806251184
9442.325044444131
9394.053011959344
9350.924347188191
9309.950868793005
9267.257255047709
9224.2520558237
9179.236643384453
9136.314287081279
9090.523695245449
9051.394105207844
9003.884995930546
8960.061753461427
8920.473481142337
8879.20081206761
8845.57150303514
8808.326125815145
8766.4410712659
8738.661110888961
8707.225900668805
8683.509892645756
8651.225999504028
8617.025577476401
8584.573727745905
8558.485723390884
8528.144927942452
8502.539625561001
8472.950630226482
8439.659994833708
8414.492216380495
8388.960833269533
8365.837221690566
8336.612391200844
8308.791052602144
8282.237996133157
8255.104565035128
8230.521327393551
8197.95784144707
8171.770385430954
8146.550944052673
8120.762759171447
8095.242414885329
8072.073840419348
8043.163149299944
8021.165435297609
8000.320394154287
7979.057623657394
7952.534139836827
7929.681208151195
7907.369980782637
7880.884639244463
7856.14016733238
7839.984035123159
7817.073659100853
7793.531704252652
7771.712382311022
7753.655816597704
7735.0689958774765
7717.298177341567
7696.993206794973
7673.193132189482
7649.532130275084
7630.1780416446
7611.832515857724
7590.005306917986
7564.842875250944
7542.273746629411
7521.227222810123
7497.098995072585
7473.53362478189
7453.915682775473
7429.638050984042
7406.971672388444
7386.910711960851
7366.034796532574
7343.683689289315
7321.302835771387
7299.919751264441
7274.760424570201
7252.0947228178065
7229.925786873566
7209.654010018713
7187.905043798268
7169.039919718086
7144.696296604246
7128.710054149414
7110.457264207251
7090.979661724527
7071.046465906136
7049.001604242516
7027.41986561805
7007.096573545393
6987.304949220076
6972.255136528184
6955.07491789856
6939.405353230031
6920.926958384825
6903.799040378201
6883.675326051763
6866.138058574608
6848.233757842841
6830.71737339332
6814.486064704352
6797.693207535238
6783.337639675949
6768.184588677653
6750.46422142737
6732.001520380683
6713.446382897958
6697.469185243613
6683.524691504265
6667.16628782187
6649.947441473658
6630.565181390345
6613.009626487152
6595.596930748922
6580.028279805778
6562.884680365544
6543.569752414769
6526.420169207759
6508.558010508487
6489.470460532067
6468.211546004646
6448.75054891354
6433.720719370478
6415.702837572624
6395.944255884009
6381.892455813561
6368.4304666056905
6353.982972611949
6337.459912402261
6323.140192486828
6304.578336387771
6285.266361565845
6266.447058535768
6251.173209301409
6236.898175576178
6223.529031675093
6207.676439784864
6193.041949814353
6179.242339750512
6166.207659432097
6152.570649114724
6137.634201894633
6123.199236295101
6111.502000825031
6097.300606637191
6083.008489270474
6069.492280170973
6057.373450132229
6044.262512441437
6029.7644581769355
6012.601778132797
6001.092195014045
5989.929546592839
5976.440943471616
5965.268923095871
5951.213655136723
5938.641583284759
5927.33050710612
5914.8387510623215
5902.036706669254
5887.736146898844
5875.80110804602
5863.5402561175
5853.227517894929
5846.180620680005
5835.68887131942
5828.222345181096
5815.613065067926
5804.988664085373
5794.643234525089
5787.543611180077
5777.277386391599
5766.320327968846
5756.814923896787
5747.741758635924
5737.817640503156
5729.529073950004
5722.225703910299
5715.214288963591
5705.502287813054
5697.130728831485
5690.3163003874015
5682.033363527708
5674.659508530903
5667.481499041202
5655.788172168591
5645.8981217098535
5638.867809227563
5630.105619322749
5620.37475499934
5611.468557180416
5605.210319395851
5596.325982144692
5587.727874502784
5577.120229256917
5568.02535455178
5559.666109959323
5551.732997387778
5544.77657280862
5537.923667607382
5531.964107881406
5523.842742885992
5516.617116757164
5506.126514973727
5498.64879821549
5490.195468347241
5480.611417977535
5472.7922108602215
5466.473304569929
5457.41804009545
5451.329687818546
5443.545565708385
5436.1637341212445
5427.872696357716
5420.285846213115
5411.697327007494
5405.619493045262
5397.93240411137
5389.448801544168
5379.862345396218
5374.094968460702
5367.446723359259
5360.823244716446
5353.0711813099315
5346.799601353205
5340.757571460512
5335.281944168376
5328.22235081862
5321.356946947685
5312.889948164433
5307.541100484942
5300.262622766717
5295.6758169433515
5290.33302783709
5283.415900100172
5277.080619662671
5270.483505052583
5260.341382684712
5252.674745865282
5247.549314332991
5240.576821565123
5234.764619926276
5227.597472512733
5219.711823508842
5214.337284308362
5208.00618092555
5200.494939172817
5194.401370421077
5189.396758937219
5183.434351999472
5174.504766642389
5169.938734413358
5164.266740924532
5157.318971906051
5148.932095541753
5143.5819491925295
5138.3108288868825
5132.670140410095
5125.979573828
5117.766447893346
5111.240284090039
5105.05205003758
5099.418571154822
5095.149525523236
5090.478102865814
5086.345152712522
5079.526923710486
5073.763541016267
5068.558950830129
5064.046979870527
5057.798042578631
5053.711856191712
5048.718358478082
5043.8240159420075
5038.056248619206
5030.815091963593
5026.703150244639
5021.565879146508
5015.357399210968
5009.71481360665
5002.590874835318
4995.602665230133
4990.433623808369
4985.138800235855
4981.8790379897155
4977.199024861101
4972.583739669202
4966.92991228708
4962.215792932236
4956.457551954067
4951.128860088922
4945.566019645574
4942.544364887617
4938.670587845779
4932.750422186506
4927.303999288647
4921.626065381716
4916.75905366345
4912.091241651304
4905.573417047637
4899.691671203278
4893.588500494108
4886.492321449258
4881.726183374795
4877.213596074034
4872.984061588004
4866.612004078975
4861.08479136651
4856.326366263185
4850.138189396237
4845.549875673703
4839.016102566819
4831.049147741456
4826.129903031161
4819.989143020126
4815.0743942206545
4811.126554403386
4807.454899105545
4803.455672059496
4799.703799544424
4795.162763457726
4789.199387422661
4784.551505458327
4779.627736498303
4772.777690254886
4766.675121920472
4761.588724171863
4755.504761019532
4751.193232297543
4744.442575912125
4739.132505656774
4732.534931339405
4727.184780356803
4721.903122454129
4716.79342376093
4710.226560231873
4704.8440118687895
4697.895458261194
4694.444770560936
4689.404908929349
4685.045142686174
4679.33436957003
4673.064513445172
4670.27880902234
4666.235619481884
4663.008680015943
4658.113254567336
4652.433429760465
4645.914364193342
4641.087917367658
4633.819798853643
4627.557755461412
4622.718050894081
4615.97820035238
4610.453812632672
4603.557537246519
4598.014530535624
4592.923218987746
4587.218936949151
4583.170919758941
4579.1047022785815
4575.324596339447
4568.430513037635
4563.83082138488
4556.840571778957
4551.961006658502
4547.791546130335
4542.553436510854
4538.574582357193
4534.578942960655
4526.062855095507
4517.116752734791
4509.003231193348
4499.445818525096
4491.404947055724
4481.371108909413
4471.826169752663
4464.835490360881
4457.421278759848
4448.886427215327
4439.139480244536
4429.120449251768
4420.989799315435
4409.962727269741
4403.132071592449
4394.953364664125
4383.454190675192
4374.9046106775195
4366.358864921366
4356.172519566688
4346.969865444764
4334.899364737937
4324.754345605732
4314.822098920092
4307.37230266316
4299.223231202527
4290.42650249418
4283.6068056286695
4272.810325081771
4262.757933515671
4253.573495608689
4242.280196670275
4231.493896323089
4221.695539908056
4212.54289622697
4202.491138984878
4193.417589021027
4185.257476678737
4174.5514345369875
4164.029837226752
4155.394540233288
4146.349497247243
4135.846235444008
4120.8444548077305
4106.673350209149
4092.4146115456033
4077.123600410638
4062.166588386671
4048.478903648209
4034.002332123294
4018.446398221691
4007.192689370397
3992.9328129696078
3978.4965915059865
3964.6602978172623
3951.5733584587783
3937.283402381709
3921.268881938053
3912.212106768129
3901.38970270806
3893.7303880121913
3883.582906177004
3874.4721497709734
3867.5046463263584
3860.0262203201296
3852.0481850973943
3844.692004639896
3833.8322570165037
3822.3970597319344
3813.9919521343922
3803.2677505784313
3793.3325975365474
3784.9228705994437
3775.7325233494034
3764.103816193955
3756.7341020719573
3748.872481514791
3740.220742068958
3731.770786438395
3723.4468110091307
3715.2408166705545
3709.7904074922576
3702.3185542539636
3694.3331080488024
3688.275179479749
3680.799823920937
3671.9281473457677
3664.041337321372
3654.9163942689847
3646.914333898729
3639.30911683069
3631.7619282646774
3620.6548818197834
3613.0094179196076
3604.540934996207
3597.6933030104988
3590.3632321705377
3583.1197810728563
3575.619952236016
3566.4110437227946
3558.234346037824
3549.338678157508
3539.392927173204
3529.869907741484
3523.336789800941
3514.3997622395623
3506.9253079195387
3497.9505088224564
3489.479761189486
3481.096009483032
3473.4140878471326
3464.6251299271444
3457.1689788337612
3448.287403054899
3437.6610997345624
3429.157363912227
3421.2480334349843
3412.7782163581464
3405.343754129356
3392.775759946585
3380.0820682846943
3367.291600812725
3354.207035126237
3339.619279486716
3328.0670033509496
3315.599920112816
3301.570534711699
3292.1719575202014
3280.229606440149
3267.146947618081
3253.004153258362
3238.6398152043266
3224.964935048628
3210.664502716447
3197.1685286124816
3185.8813214527763
3172.536223318118
3160.291017335408
3148.006934156154
3136.310017924767
3125.695956316119
3115.799377030226
3104.9434103007234
3094.092713553585
3077.243212217241
3062.192668027619
3046.473276092691
3030.572148105174
3014.434059456494
3002.4670734698634
2990.8112896739635
2976.4924159096995
2963.2516076684906
2947.6812572647705
2933.738122660991
2919.818970528741
2904.807301194467
2891.766004353463
2879.907414754257
2865.8754976490195
2852.8621837152796
2840.416972246569
2828.49378968635
2815.9477338630486
2803.5610840969375
2789.208233928725
2773.480601315792
2757.1456352186783
2737.740155624398
2718.837757401283
2699.0253241027194
2678.4498803581573
2651.0679588647918
2629.8147622505426
2604.7246857906093
2575.3578049926946
2547.6100234252167
2520.1164907510315
2489.7438752230196
2461.428874809236
2433.0256099895396
2417.66311806443
2403.011301708958
2386.372339395029
2371.47641047341
2359.066607242763
2344.2143523175573
2330.7734939015395
2314.032788058872
2299.5776835423057
2283.710740380574
2271.1206003764855
2257.311197838072
2245.3699175661664
2232.441051699002
2218.2570297943503
2205.731303770298
2191.919356964628
2177.3743329650233
2162.7252999192415
2147.1367995860373
2131.1524450277125
2113.640470066849
2098.935703566711
2082.72707090856
2062.580219186326
2045.1234723431314
2028.4298004576583
2010.782420023755
1995.665452038518
1980.1838451351334
1959.078654636619
1937.9368520447151
1917.8083390500733
1896.2142088980556
1875.867406023759
1852.8776511986323
1826.1509359066936
1800.37620555286
1775.6865459862163
1751.2508117043712
1728.3707841890682
1703.7082413094904
1680.1370710177896
1656.6051185411116
1628.2255098170124
1599.1872882671835
1573.3434828650165
1547.4372523520615
1520.697893040554
1496.8920876055965
1472.647756276423
1447.7141904778878
1425.1942495204273
1404.5679241927387
1384.501516049153
1368.5938102333864
1351.5688111810973
1333.131447110818
1314.9407355388262
1297.0798037884088
1278.7010142634458
1261.6219223185042
1251.5211974604363
1234.1021093780078
1216.6847675810097
1198.0663730146623
1179.1066397977856
1158.6504347806986
1136.7237012014118
1115.0856993433988
1082.9754111662548
1070.271501852798
1057.6246240663115
1044.7846480021876
1032.9299645778594
1018.5858544903795
1003.583705070108
987.1258505279455
970.9272394775187
953.5398297451541
935.4261605337817
917.3005155412915
900.5075890248767
882.9852296465145
864.6476340727468
840.8032619102438
818.6719530949326
794.6002172686726
767.2058550972483
742.0600019734053
719.4225692961345
693.6721898952843
662.8300196474728
634.1608655666516
605.4093479960833
595.309125302766
585.1969137888743
575.1187668310884
565.360916371438
557.7625962042061
549.8753380026293
541.4249882886401
533.0787541841872
525.0186246407492
516.0332712358877
508.55608617627365
500.7232950210021
492.1531866800833
484.3970635250521
476.1541443783551
467.85878732158733
459.73643949478674
451.6031270260942
443.2270381431654
436.0486295124882
429.0329474244262
421.1530654323825
413.79022699445727
405.77421149781526
398.2769936965972
390.56892979393194
382.48828021547797
375.21301771274113
367.6378601724691
358.5445863151733
354.46105095856524
350.37553085990277
346.03499619649267
341.4993413081242
337.68026479921843
333.59936719877356
329.6804874808531
325.79569961986476
322.488514395385
318.8790850829621
314.99695893878607
311.8695474337899
308.4322342513626
305.3736529063053
302.05240988314915
298.70863106571244
295.3203579626394
292.0308617788435
289.35700565985474
285.89897767095704
283.19101212454467
280.39513578045785
277.45725685189143
274.61496161235874
271.76148567385536
269.1222013830941
266.59467514666864
264.00985233211594
261.27114734710744
257.9423162311893
254.74913235561849
251.82907910878546
249.00538472321256
246.40047218005665
243.866162979337
241.56825128432263
239.48670279794052
236.9292928120935
234.40831873358184
231.88373349157317
229.92305322585645
227.72675454454077
225.36728939148634
222.88904338088605
220.34077927100873
217.64499859666532
214.26130686022344
211.38731819396725
208.8088748567942
206.13568841832466
203.6444536113827
201.34353475292522
198.87503450741858
196.56117609317585
193.99846519756576
191.58269946238585
189.21233416152552
186.79664125550588
184.26108956528898
181.8885965281003
179.74685099279418
177.46168212726246
175.27166161874132
173.20138339163307
170.9584902129236
168.70148506439796
166.5092589608233
164.0785245114367
161.93485380387955
159.80030443882706
157.24931235082255
154.8158933471513
152.4974878567948
150.36213075535264
148.40070333754622
146.2573833979826
144.29613971478457
142.15442546970775
140.0714164360933
138.06014646661183
136.3197486890976
134.46424824941474
132.57074089630223
130.72914902425106
128.69534873458645
126.80374104682716
124.88901784051265
123.17638869311111
120.92549399591971
118.25809616085888
115.54160258022308
112.46131463681522
108.8582547590733
105.28984259215764
103.68215647944595
101.95280052652963
100.10852360903102
98.24971102071194
96.44257380773809
94.56918003236069
92.77301811249092
90.8655678179316
89.1432069451274
87.41549508254391
85.64277091661015
83.60926736211718
81.3851985450581
79.4146352351471
77.47628330544353
75.72264369677129
73.78606965897967
72.20947336119028
70.90900552221072
69.74354988936452
68.5729666875448
67.0247810598684
65.44395611855283
64.15447832365619
62.72575208521964
61.37332486477108
59.933788878349816
58.432490813470324
56.84431043267115
55.141310947037
53.35856187284059
51.45693387630931
49.71808569260635
48.140029381276136
46.55590373813084
44.935270131156976
43.49802742267812
41.91534786804421
40.45193730336132
39.09806306581927
37.79664451830286
36.59113899816472
35.32453006883746
34.14835902348374
32.66871039486078
31.32983679488975
29.66754558834166
27.79939456198644
26.033498546437183
23.929274651020044
21.47565733125209
18.922300559336964
17.102298273476485
16.00856962938201
14.970229602540408
13.946791601411533
13.090724339022799
12.334117602040262
11.735275208625229
11.142757958632743
10.606465473223311
10.111735865263306
9.600676156669246
9.084679002934852
8.56399788830347
8.078742068375714
7.613922734256024
7.122744749191757
6.646674269017655
6.208863300222568
5.754587833246381
5.350901095171773
4.919033084379221
4.606522167670974
4.296569233279104
4.0125454879316464
3.755588273902786
3.5275201882757616
3.305939272815433
3.102316558851705
2.9167216342252114
2.738079049694692
2.572593633641913
2.4187627864878563
2.2659261871187173
2.1309549540479615
2.00369303322557
1.8806691376803775
1.7630051005365708
1.6539248930984214
1.5502898585207392
1.4442228835681243
1.3470822322109668
1.2617943448135396
1.1788077041739333
1.097576672831364
1.0240125748053375
0.9559272491905073
0.8901793775918714
0.8254398257114159
0.7713377783447786
0.7143772076358177
0.6580677414718243
0.6079173032001712
0.5578143420205081
0.5071880667115103
0.46476509716151604
0.42428876983341013
0.3892745425528137
0.35536300391774445
0.32096823425708765
0.2859330934197901
0.24713670661403764
0.2238945699998416
0.20251672481660643
0.1832177835346429
0.16435620355165836
0.14702824656853997
0.12966793672631693
0.11763743836132146
0.10725374766884799
0.0956231275730306
0.08414306032083535
0.07211425537166982
0.06555559934450406
0.059658879699091116
0.054720546595225183
0.04974235507080704
0.045715897217820156
0.04194574111733741