23108.45756378153
23071.824516348042
22453.406283508877
21796.96420797314
21270.7776227984
20785.574827105116
20342.355712095203
19941.541015987506
19525.090524055842
19115.540529018745
18767.446869168634
18432.56363561963
18092.398936896858
17829.586073109218
17533.794559357222
17294.580391940046
17064.922349522185
16848.160044166903
16633.97462074392
16435.692064479284
16228.184846675807
16004.692061445785
15831.145677393035
15633.99870076886
15473.462335264108
15292.036739921852
15118.562357535508
14957.660971868632
14804.547204837098
14657.122173147714
14508.668409446216
14361.582787810186
14218.548316604305
14085.489563437184
13927.458344259574
13809.155949438458
13701.925981723978
13585.297974582363
13481.33554839281
13368.720451583875
13266.762822562474
13155.304155032347
13049.68886252097
12950.615585428477
12869.30034200048
12768.006605948332
12676.375339266124
12588.936404358557
12499.988354748622
12418.87864723027
12334.737335972202
12251.660548860309
12168.89303551509
12097.074666910104
12010.179408915736
11938.187923674863
11862.691985869442
11787.294518062581
11717.159131721248
11645.917786949993
11576.317172201838
11516.27730887291
11455.961786595315
11391.61397578044
11335.597787842386
11274.457956747801
11212.522985808055
11150.784663237537
11100.15175871937
11040.338989407846
10976.589694954659
10919.678497941137
10858.1019738103
10798.581353588881
10744.065225075208
10697.12760433284
10638.897491483422
10591.736458165513
10548.733428977346
10500.410988965672
10458.04910923737
10418.336796644717
10375.854844806277
10331.864254886552
10287.838421510076
10245.593887588922
10204.305967600681
10164.683225948413
10112.203116666435
10065.033484310332
10024.183977443907
9982.834015741391
9949.63909332722
9910.025593365948
9865.210146229903
9819.283923526375
9780.94785808444
9746.849909343548
9709.69422770292
9677.471351597993
9634.168504621604
9595.458215929933
9556.306251390866
9516.057859747332
9480.005456006345
9441.953064509
9411.943964138904
9374.101408225033
9340.777006011689
9311.26495587247
9279.482695926472
9242.483509547783
9208.99383323367
9176.844639486511
9144.959335791555
9112.90208629593
9084.491329438208
9053.126563409414
9024.385687454715
8994.88164675859
8965.935718546776
8938.881214335055
8910.372451505218
8876.160419689959
8851.727779100647
8822.88577150621
8796.856034986255
8768.95859368553
8738.613100817573
8705.678063517584
8680.000378799179
8653.296694899449
8627.166991940961
8601.109148497391
8572.397682535588
8549.19204270151
8522.657050796408
8500.460418319657
8471.9704088646
8439.906371356672
8414.661846332443
8394.998957763179
8371.050343831484
8349.78602066936
8324.123293639033
8304.327946436086
8281.174040226542
8261.947408297881
8245.394470275602
8224.566986071102
8201.126505530287
8179.690940205561
8159.072359768206
8131.442312421543
8110.925651634964
8083.747931583237
8060.177403355091
8038.506404116732
8017.514009813048
7991.653794924882
7971.313486064507
7952.164552713135
7931.547786565735
7912.67993269487
7889.429564213419
7862.317800747589
7843.542251355014
7820.920458865841
7797.4468712324715
7779.334535577251
7755.704641869745
7735.106273425787
7717.275169710474
7689.119774880204
7671.30992804615
7649.332534224735
7630.650898417892
7605.785314443757
7588.370605251212
7572.596182335228
7555.2995985221005
7540.090454064795
7522.524780324499
7500.427386091988
7482.75905156128
7458.958262559866
7441.502140984737
7421.878166178565
7402.674806054508
7385.786616265245
7364.825542919513
7346.62306629987
7320.544457243124
7305.528517266185
7285.349601457556
7266.4950524693
7246.7534547817495
7228.305046608832
7211.177176322897
7190.209560436168
7170.57013264034
7154.746281666816
7132.038790565829
7112.165383255565
7096.3750451405895
7078.061086388301
7060.133939115228
7041.64054263495
7025.093607107752
7009.166770388144
6990.331540246888
6975.698829001616
6957.388331374198
6943.228789602358
6925.811271576182
6907.7801882817275
6887.263704389214
6868.238469044488
6853.223187250153
6829.868988270155
6813.1395069238615
6795.362201652783
6780.242989697522
6760.305955840104
6742.371098950752
6726.07254316749
6707.638683524503
6693.184933743919
6678.356006229426
6664.4936373490955
6649.396092094171
6632.778929290587
6616.692598930392
6600.385415545928
6587.879855504669
6572.070178376312
6555.221952015608
6538.106042217345
6521.712835681093
6507.948602300696
6492.079204905135
6477.60892289069
6463.339647088561
6447.154280434205
6432.359199084842
6417.493994767969
6403.778997100417
6386.647341458519
6372.539094522714
6356.717875604976
6343.659849175412
6329.780076739408
6317.383186336451
6305.527450882579
6289.929836707902
6278.450567775361
6267.525295194697
6256.089389320208
6242.955685838984
6232.290171115821
6220.327211964273
6206.34368473647
6194.576418848698
6182.7468351637735
6171.465820400949
6162.6222370026535
6146.501261549242
6135.415550363898
6124.5442469633
6110.679285952233
6099.408893543852
6086.6022741391
6069.080994165563
6057.458244465912
6044.418348539125
6035.326776789038
6023.438098426347
6011.482572978675
6001.3621998822
5988.876132571268
5977.124438436546
5963.6335483139155
5955.437259691966
5944.585540717109
5934.018388968439
5919.202817664366
5910.135694480086
5901.376979361641
5888.168735065092
5876.46958109718
5866.318908644232
5855.183963948094
5846.011319093146
5835.922814816664
5825.005445685858
5815.955323935796
5806.288990313904
5796.073431487027
5786.894381099809
5778.578924096143
5767.063667111392
5756.529991309292
5748.341153078824
5739.348284590129
5730.499752794791
5720.743254103688
5713.696575322956
5704.536107489843
5695.314873442796
5687.806047209862
5678.1031445907
5669.795384607123
5660.770980847573
5653.195316812325
5643.59926745952
5636.324973114064
5630.00570040116
5623.047747004159
5614.709236667703
5608.02033657537
5600.773663008786
5591.297896542147
5584.983351266439
5575.472201041668
5566.720794469585
5559.0011802917
5552.796875022856
5545.974425931455
5539.05176552175
5532.575647976867
5523.282465124112
5515.941740643503
5509.451515408087
5503.42325867793
5495.966167291146
5489.103964747672
5481.202483302863
5476.715198155156
5472.407033708994
5467.738526388111
5461.635058706804
5454.719354422682
5450.530424824365
5443.101474886287
5436.050487342933
5428.765374027069
5421.754974817238
5416.717884914053
5410.079326065403
5402.959203291092
5396.540882995475
5391.55366745674
5388.153122651383
5381.444059917685
5375.691778895253
5369.032638044633
5362.070682101641
5359.146372133661
5353.931692046695
5348.380456200703
5344.228098437729
5338.766984983708
5333.946991561232
5326.765779516841
5321.341494304851
5315.0618376266975
5309.250176533754
5304.86354942743
5300.760046390131
5296.681743759727
5291.004825836715
5286.430344445176
5280.235375606688
5275.290505555628
5270.712177007452
5264.453289787465
5259.03482536014
5256.235205460237
5249.77504891572
5245.009480313376
5236.5593840939255
5231.357971983888
5226.307330520267
5217.917851117134
5213.558175996109
5207.44932634243
5202.14697389574
5197.673036797488
5192.658373348887
5187.737472579905
5182.016565735007
5175.851253896137
5171.004574407109
5166.067501326417
5160.701350600177
5157.236085406483
5153.603832169887
5147.138960171114
5140.423735557815
5135.218740886787
5129.177922613362
5124.632299111602
5119.817147922484
5115.369759524275
5111.2622523068485
5107.316217856692
5101.894440403601
5097.113190196091
5092.0519699432525
5089.205080387113
5084.40204335069
5080.422902500753
5076.581777592097
5073.697546953888
5069.492116432091
5064.328854158915
5060.55327852533
5056.336818809004
5052.953841509743
5049.050817563491
5044.856199934882
5040.79638949848
5038.012130710315
5033.546347093304
5029.050243859064
5024.334674771996
5021.252615578596
5017.141309807918
5013.305702107935
5011.540827379968
5007.6033817396865
5004.196876577136
5001.167698710817
4997.242164665994
4994.969339728009
4991.448983483661
4987.67615638739
4984.14088072884
4978.909116963952
4974.993851996957
4971.006230775559
4967.848393824588
4963.777412235652
4960.823585396188
4956.151614341058
4952.367547054926
4948.080719383426
4944.324669676046
4940.587987660316
4937.604175388267
4932.216014593599
4928.050275125101
4922.962671119507
4919.7128873714455
4916.224656741486
4912.791706946058
4909.25941751332
4905.626821961241
4901.961468625581
4897.975376608448
4894.488794447087
4891.597928370157
4887.171058381613
4881.792028465724
4878.9860770603955
4874.5223803127665
4871.731164253635
4866.7288207062065
4862.234249612543
4858.811819748575
4854.624085303622
4850.6856664047245
4846.914770840788
4842.855507704101
4838.744774300438
4834.706434443728
4831.530365116836
4827.90782229502
4824.949133879675
4821.383813790502
4817.414716859082
4814.3265495014075
4810.423747799249
4807.366516303013
4803.278266014354
4799.426134197151
4794.313138124223
4791.668853886339
4789.215815834005
4786.610191327055
4784.151598718536
4781.998664840425
4777.840835048293
4774.9406925170715
4770.529625330488
4766.352772559774
4762.509072765198
4758.926473174298
4755.158213134318
4751.469399706737
4747.459939483819
4741.443487473414
4738.775294988304
4735.1225857319805
4731.726676160522
4728.675724009912
4725.721809731519
4722.321415904215
4717.715331168052
4712.961737760397
4711.657809664433
4708.552275537925
4705.42662902513
4702.697642995995
4699.992636827345
4697.238145220048
4693.071177792387
4690.7419411867495
4687.559607824819
4685.003539830612
4682.04324531117
4678.38323503955
4674.411696979607
4671.104195995171
4668.766519096791
4665.852461750967
4662.503536200384
4659.729301220773
4656.13284916736
4653.432962132632
4651.120307028116
4646.611982447066
4644.4220951650805
4641.027141825665
4638.552481093915
4633.063840463643
4630.250174227896
4627.473260010933
4623.527357175447
4621.506035815634
4618.944260601373
4616.812649919254
4613.726270677613
4611.402839918688
4608.517854364983
4605.649629281968
4603.473453846628
4601.125764306454
4595.752761800276
4592.957836926486
4589.013830849668
4586.06414360844
4583.903788368802
4580.288952736252
4576.199400379396
4574.622190550821
4571.3085836501
4567.622109627845
4563.906758930498
4561.435057219771
4557.258481117285
4554.980795627685
4552.2540834137935
4550.352781326692
4546.357746158035
4544.158187327548
4541.011847714466
4538.141705211703
4533.751264531137
4530.407817728363
4526.297436662587
4524.100339030505
4521.308690759075
4519.346529653838
4516.031313204584
4512.3996328407775
4509.1468028528625
4505.795473528233
4503.817472731696
4500.86076801522
4497.093339445255
4494.1596053971125
4491.158724498478
4489.100449957793
4487.267064784723
4482.034477656667
4479.708610852343
4476.16652603411
4474.075550807277
4470.839283441349
4468.127357467581
4464.702143305805
4461.97893353031
4459.473159679985
4457.406679993783
4454.595068431814
4452.55852785449
4449.897345094967
4445.887245092874
4443.178795780911
4439.882578150601
4437.771346632971
4435.241955646678
4432.174794000296
4429.352852601722
4427.991602113359
4425.061160868965
4421.366874859633
4418.237947091782
4413.991926221694
4411.724687909182
4409.065757065132
4407.534102372861
4404.236700320036
4399.864619164507
4396.389179242115
4393.324525780497
4392.086621783082
4390.163753018753
4387.95054788893
4384.603018230503
4382.362312964257
4379.431202331903
4376.933183440294
4375.450935212671
4373.142347594064
4371.309497168226
4368.475000459157
4365.379961030667
4361.6611985215295
4358.720933848353
4356.855804824336
4354.722176670484
4350.681072616471
4348.2367276592595
4345.125313471303
4342.480013386763
4339.168926289284
4336.948163346911
4334.355360594084
4330.672038263982
4328.390858504256
4325.800757859838
4323.213645351093
4321.668797887896
4320.022994738634
4318.478533617544
4315.570604014677
4313.337700353961
4312.11314363725
4309.539549931697
4306.454169991477
4303.483046606054
4301.901440671431
4299.49854460402
4295.58278301692
4292.9382235793
4289.817584000822
4287.244767574494
4285.8179320688105
4283.5529423187745
4281.334433020983
4279.155946500037
4276.648741578447
4275.189445382124
4273.957695331708
4271.890080847042
4270.447514909205
4269.715736961193
4266.970481961651
4264.583013438358
4261.414845558688
4259.850904408742
4257.477620621222
4254.635751950285
4252.714370501889
4249.727566727507
4247.055518805532
4244.4720480670985
4241.336661860046
4239.015165123338
4238.288555196477
4235.751444871464
4233.391695233854
4231.762310238018
4230.533617825515
4228.034839099986
4225.618915767999
4222.931248844188
4221.077993135395
4218.875983152824
4216.817030307034
4215.846894767163
4213.343980505022
4210.065665292398
4208.925094760983
4206.355730938824
4204.645303507297
4202.470310177256
4200.319692649617
4199.1783932413655
4196.976618577743
4193.377487195352
4191.5694895580755
4189.913554493899
4187.959282833697
4185.742258032846
4183.480709539742
4181.484958718042
4178.079841448993
4175.853906969137
4173.215457046628
4170.631977160723
4168.824552658309
4167.247935656048
4165.275301358057
4163.251170218672
4161.410904687093
4160.070076702672
4157.947426742691
4156.544375152478
4153.867950008151
4152.748767960712
4151.317427338056
4149.692905342979
4148.175579267959
4145.923626622096
4144.1603232085845
4142.245414739818
4140.017830407218
4137.878109104386
4135.997473670586
4134.177485249346
4131.404864041111
4128.682640009108
4124.960519008433
4122.228064967732
4120.5435730479085
4116.4630461564275
4113.657526625656
4111.795113838135
4108.799320846425
4105.83849141337
4103.4827188686195
4101.692124322843
4099.703706552828
4097.445061544638
4094.897857152594
4093.2405892553716
4089.6457100928965
4087.4277782047657
4084.7793990779755
4082.9079951742915
4080.2052812800766
4078.1889687991234
4075.705934389325
4072.093495343711
4069.9544076403663
4067.5525286264447
4065.0968561143172
4062.5717886792586
4059.4605743962475
4055.497922556664
4052.769481791035
4050.4422490323823
4048.05161707059
4046.056094675714
4044.4198098298293
4042.077410306651
4038.8332608685105
4036.6837342953654
4033.106129349958
4030.051365487996
4027.6407784511625
4025.844160305417
4022.982143051748
4020.9120402614344
4018.0599530918334
4015.3303104033453
4012.9648445300736
4011.2914508920553
4008.7232132954596
4007.347880453838
4004.2406837464973
4002.4289767665177
3999.7319390275766
3997.10959156397
3995.164003153676
3992.50811428267
3989.3506139816627
3986.227930218713
3984.390259355719
3981.9878774550734
3979.7624618174113
3977.1352660775515
3974.9379163530507
3972.1814701538206
3970.3062694367727
3968.1778722212603
3966.245337768862
3964.552784493215
3963.3340280815223
3960.8667352745624
3959.277365547033
3957.284761801839
3955.0501242477244
3953.5906745303387
3950.2578781706075
3948.8156283058684
3946.5906184072464
3944.7124488357213
3942.860940448812
3940.4696196619966
3938.2260870800196
3935.6801885171617
3933.9327838444797
3932.502237747873
3930.156224478539
3928.817395249878
3925.0271271562588
3922.5413437504253
3919.5611659484343
3917.244738243099
3913.9323541649565
3910.189812999963
3908.396195982099
3905.342852443312
3903.870772974582
3901.8491653214633
3898.662202366021
3896.6851838800103
3894.3039513987733
3891.747356333941
3890.2407728814114
3888.090152134272
3885.312550997461
3883.2782404409118
3880.8493712772297
3878.151489981004
3876.1459370501157
3872.913923224246
3870.7303598239027
3869.0268495811133
3866.720148741338
3863.0310418427503
3861.430585532487
3860.1057379228614
3857.9396271495825
3856.4615854723284
3855.2381983035
3853.8241813968093
3852.4707595256587
3851.5159908886576
3849.536992404956
3848.6160617823853
3847.5103519739555
3846.0529531110947
3844.0316347296766
3841.33312558036
3840.178073929198
3838.9802915219766
3837.050454536544
3834.813236623181
3833.1225624671015
3831.2975329325427
3829.046881308488
3828.116349523386
3826.237781656586
3824.5712260798377
3823.467271221795
3822.5276793095136
3820.934000535299
3819.4421682782313
3818.196272411731
3816.633578538833
3814.7520046191557
3812.5635868448157
3810.3972689186985
3808.387199420897
3807.4758460282414
3806.2546937201646
3803.2499377952495
3802.3043665624245
3800.2028757151134
3799.1881301442672
3797.9627350919222
3796.2944354196657
3794.602759378919
3793.2929869556006
3792.419980390401
3790.284330591693
3789.1012609061836
3787.8377838887636
3786.9782375257737
3785.5139987643165
3784.5048766483196
3783.5780451412784
3783.054576269926
3781.836130824233
3781.2136498559407
3780.1198407673937
3779.3363416095626
3777.586050255334
3776.2910868516415
3775.2806151273135
3774.9064094306473
3773.6648820351393
3772.1240347340913
3770.6957103388477
3768.879146623183
3767.386455701134
3765.839429424108
3763.936516577769
3762.088225936893
3760.702264634073
3759.3640789975916
3757.3571378528122
3754.932512814972
3754.0318486667693
3752.6108022501257
3751.072787816953
3748.5728451191126
3746.5841859156676
3743.8054625974423
3742.6057598449606
3741.0345928833267
3739.5116865981245
3737.4532252884474
3735.685500065192
3734.604014832589
3733.180997097941
3731.845784787014
3730.7519259106284
3728.5928141561594
3727.239731663745
3725.444730936208
3724.2117865183322
3723.242335322507
3722.063432281426
3720.823899070992
3718.931064175277
3716.9606063013025
3715.0685708858273
3713.286265263018
3711.407105821218
3709.18885865181
3707.3937318101325
3706.350397736784
3704.255838897009
3702.3052608807025
3699.3067522027563
3698.4501493320563
3696.696431526832
3695.2175946072657
3694.3550605531464
3692.52613425391
3690.557404117114
3689.7416847473946
3688.7360018917525
3687.3955948631674
3686.876318119219
3686.203050708003
3684.5252263451134
3683.2706619328183
3682.2234329935386
3681.3231353221527
3679.8666991450373
3678.6000875525306
3676.987137684014
3675.6716731097176
3674.4367554451856
3673.5545655181313
3671.6578386064857
3669.5694687470727
3666.7804668991644
3665.130417315906
3662.0884197779383
3660.365537417003
3658.162596724651
3655.398780791193
3653.2064035066956
3650.406487283444
3648.3628588160664
3645.7896275850353
3643.8930028385985
3641.4181201573438
3640.152630619647
3638.442743731685
3636.823951831266
3634.965226690933
3632.6578664662675
3630.0687866668977
3628.0780931055106
3626.0307204869923
3623.540973415713
3621.525532970111
3619.218952084032
3617.764893076808
3616.086198844129
3614.699730116775
3613.0733243638433
3610.900957296893
3608.075313435759
3605.156376105302
3603.4557918158216
3601.158523550312
3598.9263007205736
3596.8148335473024
3594.569758870949
3593.0341150619442
3590.9638035138787
3589.2645977691254
3588.4574884272733
3586.6006776197355
3583.388661517257
3581.391741280532
3578.976815466874
3577.512358722916
3575.5193445359055
3572.9600879202108
3570.4330412030495
3568.853549144937
3567.1151592955775
3565.819170473856
3563.7974141677987
3561.038734599708
3559.037138878377
3556.0009260007087
3552.908946942497
3549.088336592802
3546.94588242157
3545.1741152099544
3543.310895463838
3541.3041592168693
3538.8261442845514
3536.8415501411464
3534.838484307077
3532.5095624248393
3529.9675613676673
3527.549415644975
3525.113690686634
3523.0150155467313
3519.624262388264
3517.0922714536323
3514.4642343996193
3511.059412746031
3509.0212131682783
3506.776013336381
3503.664231717057
3499.935620783447
3496.823812217277
3494.359023504364
3489.9609129509136
3486.5990892844666
3483.8781157516105
3482.268117866621
3479.0403472047437
3476.1554925266128
3473.5945209032648
3470.7999739361535
3468.3093564466394
3465.071278768243
3461.7736006321397
3456.947179184307
3453.755917091457
3450.9506449019796
3447.4567240278648
3443.367405782753
3440.715920786851
3437.6223173696944
3434.0826921422695
3431.2700589940973
3427.6099733231968
3424.507303093117
3421.296434803291
3417.6382839533408
3415.0262401371656
3412.0345981804226
3409.4886065250007
3406.603254969255
3404.052997124551
3400.933489226593
3398.9972544603834
3396.212062445631
3394.1412416693456
3391.925382821206
3389.3769164305277
3386.4972852364
3383.308954876252
3380.3461713312204
3378.01509788577
3374.5731060081357
3370.011621611362
3366.985179810279
3362.1400273236013
3358.8514451889723
3356.067276522879
3352.2786401583785
3349.1170658753335
3347.104632352827
3344.133856212904
3339.8926376664513
3335.8281797863415
3332.3377042928328
3327.7322093159646
3324.742936697318
3320.8640636245486
3316.8867435633865
3313.3679607857275
3309.9869811202066
3306.030474752043
3301.67195333922
3297.0745082675603
3294.083285854809
3289.270386084255
3286.48499307344
3282.356228843413
3279.3826279495297
3271.866485387673
3265.5819111678115
3260.333705773526
3251.6188196005564
3243.065532876736
3236.092412574817
3228.146375232238
3219.892280975181
3211.8165793070743
3204.2380111400466
3195.9262051802943
3188.695387517643
3182.7440801881503
3174.3552666724395
3167.7684339434772
3158.5217706960234
3151.055239309055
3144.6841947736993
3133.4620877787297
3124.7534553245173
3115.693082809095
3106.5147089885468
3098.4657475001254
3089.805016754308
3081.331564389923
3070.9336488826675
3062.8153007507067
3051.7717685572625
3042.7709107124406
3034.069422869408
3026.3186380169113
3016.9467500313917
3006.315941687659
2996.6306303558713
2988.7708994183804
2976.570412570569
2967.416050826502
2957.290607159649
2944.65840489459
2933.5747145603
2923.938612804621
2914.508316337336
2903.4126353771107
2893.269836084535
2882.0848389741045
2870.634736262542
2861.285687296185
2848.7071344892747
2838.8224822798356
2827.8236488013404
2817.7085843997793
2807.5009984274393
2798.338036089924
2789.1814648426944
2777.209750699604
2768.4006125164196
2754.9744719575556
2743.9161271956737
2732.868055473873
2721.3182338858073
2710.5474994849646
2698.2143262825803
2686.5366214367464
2675.4197865270485
2665.6071615470696
2653.920814126818
2642.8761638695128
2629.8977763684816
2619.786452944717
2607.223336588888
2595.798905477337
2585.9326141414813
2574.463622519749
2562.950745435381
2551.5268062971472
2541.5675068395035
2530.082008842202
2519.7640767142934
2509.858126398468
2498.4386562770583
2490.6346289684097
2482.424319901563
2474.053901763285
2462.8984309736943
2454.3383232468236
2443.697140013517
2434.7657662095694
2425.3633241589937
2416.2416024758845
2405.6929619994016
2395.3679183406834
2386.1112621236725
2377.0818122484825
2368.2073024004367
2358.916503973829
2349.1901023877394
2339.5586350910417
2329.735659585504
2322.2613952920346
2311.1944076825966
2303.564425093694
2294.89625851641
2285.540751348415
2274.3010850248656
2265.6710820979138
2257.8074599643633
2248.2913050486595
2236.1298892016357
2226.9505333763673
2217.2439047270927
2209.333628858176
2200.8845771288707
2191.783077326182
2181.423344652145
2171.555274641466
2161.927952892641
2153.4634499146055
2145.683545143988
2137.2708517811625
2127.897420628525
2118.952442600689
2108.746235728144
2099.0696916674387
2089.541089262922
2081.2174755350616
2069.9310336964554
2059.4777914738656
2050.45666852041
2040.839768271383
2030.2256252926268
2020.6537453935969
2010.2552688599394
2000.3298304411353
1989.815623962986
1980.3496366706984
1970.613374018817
1961.0421743354038
1950.4475984188139
1940.6943967321633
1930.6999251595012
1919.8743578143462
1907.3349765825294
1896.3797687007009
1885.426248577152
1875.579694100644
1864.6120414186705
1852.8869547044274
1841.5783480581988
1830.9973965501063
1819.2761489283978
1808.3912438219413
1796.3618903762647
1784.947033744966
1773.6153186192337
1764.4468266055233
1754.1341487291793
1744.3624789043874
1733.767415224545
1723.9710809904839
1714.032409216782
1702.332701747182
1691.4636098240212
1681.527651077544
1670.4627133063736
1660.4663591941096
1648.5929174494815
1637.4053277476364
1624.679643876831
1612.8517002098517
1601.428248125767
1590.1637383940933
1578.5110074425002
1567.9571075187262
1558.297552158509
1548.1929145087636
1536.5471650669217
1524.9715559538524
1514.8579370773543
1504.542152924045
1494.4496178341828
1484.7729270146426
1473.9220521931895
1465.3488371959452
1456.5174630909125
1446.529487825036
1436.6695304753991
1426.8796742082204
1416.201230813052
1407.5294938117713
1400.1418420454881
1393.0079848785688
1385.581335139594
1377.4924011051671
1368.7646363032554
1359.9027669212278
1352.110472055024
1342.7425154771215
1332.7312096111666
1322.4059088955846
1312.557221080206
1303.346584614758
1293.7320248097549
1285.2712599734618
1275.7170948993294
1267.7437427197274
1258.8646931949932
1248.0118419878504
1239.2450553237124
1232.7138581142153
1223.5649410979745
1214.4805370368977
1206.2203932101418
1197.47099791836
1189.9735180423154
1180.5242274271147
1171.6734572509617
1163.6549443188349
1155.9483049783832
1148.0061155170454
1139.9565358096133
1130.7272691284002
1123.5112109947263
1115.7759028664702
1108.0661774421167
1101.1611794499959
1094.110818953921
1087.0922051685016
1079.2696999560646
1070.6234456860157
1061.6109329972128
1053.5685598440655
1045.215224744851
1037.4283927752156
1030.0828509128341
1021.9606060989729
1014.6676956458098
1003.3164661880741
991.4899494634208
982.609008690469
975.6429956955777
967.1038685574842
957.6226838316869
948.4308335581518
938.2711580318098
927.1460088087069
917.1916825633377
907.5609804496808
897.4519263182376
885.287280858963
873.0044173431085
859.8858284664682
845.7458098759323
831.7311294768183
817.929782098876
805.4018811704046
791.5547516652555
775.6975787916026
754.3251418676593
743.9265939646863
734.7508960508057
724.9125687433452
715.9332535359108
706.4320333248215
695.7773526301751
683.8826002304888
671.2931083650682
656.5859263788191
642.8151168336892
628.727006460323
616.1031425302933
602.6017416574759
588.311597527522
573.8035311799831
560.241694779681
551.4182339778562
543.2562879236618
535.1212539521581
526.7191228514332
519.2229519397024
510.94667364007574
501.9657184058081
491.23787864889835
480.1156569207718
469.09051280571293
457.3444596773831
445.9927124472693
432.6547386887097
421.1657078979736
410.57158344660627
401.25126048762075
396.78380871834446
392.36211596353223
387.7759606076945
382.6316901825669
377.3473366636376
371.62499009911295
365.05558501449724
359.24839794005345
353.30616890761996
347.53557929952177
341.76648208184395
335.0242558287995
328.19805808159083
320.80750979226855
314.0541621449647
306.07612213478586
298.37799761720316
290.0199581031759
280.25128824474604
273.27576019615157
266.24728305634073
259.40094890691967
252.80378668413618
246.73712317747177
240.89095054365202
234.86965920639526
228.58180071686576
222.0006259854772
214.80971752832755
208.7552280082953
202.64148086453736
197.09482923356558
191.6529942891356
180.10671047416324
167.30304253241357
163.73957947690226
142.047027500013
123.18925667715897
111.02292917022213
110.1232317755876
109.26246579643868
108.54208579312547
107.7814707641863
107.0373236538231
106.29965527766723
105.57676661851063
104.90133370204926
103.52087421529771
102.17230536473775
100.83790923663716
99.29211496704902
98.10244986546729
97.04507254506291
95.7274931972115
94.52113311446024
93.19616300521923
92.06227237845056
90.94947100681601
90.09257273583431
89.19442037785205
88.21484172777632
87.29083734008319
86.31570910173645
85.43818437931853
84.47680210684425
83.49633943404083
82.60701854386497
81.74627965003415
80.79146279902776
79.72231528916976
78.77001544088972
77.79304127778619
76.82701375374779
75.8857768550401
74.88910722194254
73.95414274061163
73.028293340334
71.9526257581948
70.89122684319581
69.92913805536472
69.04635901788663
68.19399447480296
67.3608344591523
66.37170333273951
65.51192193021151
64.65645248147851
63.80721253531071
63.074353469783134
62.18957552127971
61.316063820880586
60.53292149336421
59.73612400798635
58.95657747325865
58.149737337476154
57.3729367486678
56.63251537890642
55.91740266900425
55.174152208256814
54.525453576996945
53.82821685004167
53.09465477295435
52.380262092034584
51.65606304009049
50.91414906175084
50.09984067766847
49.348900623991064
48.62356725861987
47.88609094175658
47.1905780041554
46.428137660500816
45.725066736371005
45.046776856669965
44.43740827758928
43.81264576073021
43.05861298105444
42.46555611435481
41.769406308911215
41.15567610962643
40.5956158566575
39.903395328248884
39.266494838593886
38.60504221078885
37.9933990741006
37.38671151196905
36.8175795190478
36.295240886221976
35.67628959486504
35.086382836377474
34.54453005217675
33.94813512754759
33.35358836721757
32.80504528732915
32.23482802348815
31.637563355981975
30.999205988485766
30.394744861916607
29.85923665792842
29.340397704127597
28.824095072117295
28.218811808232118
27.656607439078172
27.18192178414478
26.71277054588736
26.21128762778624
25.774303100799347
25.332301552977462
24.909173165555263
24.423223562214062
23.932003150808598
23.35762209166086
22.823848266077796
22.244833692459927
21.63695099082724
21.076523388008194
20.379364213108836
19.63554017601075
18.90289664445015
18.16517597330666
17.456012203981327
16.69678912671452
15.793206549573092
14.882283347090628
14.008541498655568
13.39576651258551
12.779675553760859
12.25908283178326
11.670475789095562
11.156263944590577
10.698188402602293
10.270026826435908
9.869055630685452
9.444550764659034
9.010570626568764
8.558550666323223
8.093298951043693
7.595665464949437
7.12568895351078
6.637201598711169
6.131903454178384
5.631850782451171
5.103126745843827
4.777808426051472
4.52618538735312
4.273847729312109
4.045372529889512
3.8279231703391017
3.6223400285292797
3.4391589865524352
3.261018009539507
3.092359867028666
2.9386323793003513
2.791047911710933
2.6541013022835154
2.5179676247101366
2.379547489669701
2.2439243165593754
2.1019637876252393
1.961227684544442
1.8400668290493407
1.7356311032547822
1.6274821168036897
1.5249410643044996
1.424239331518839
1.327060403877935
1.222890977618692
1.146206434879618
1.0771156879145711
1.0119632477889113
0.9499077694475777
0.8864017263700569
0.8183238392674141
0.7555804184816552
0.6973117339161012
0.63825985439799
0.580590781291395
0.52325196364691
0.4612832030919263
0.41694038401602107
0.36724300990904635
0.33476374893864835
0.3071105543040147
0.2821163831543374
0.2572806343977496
0.23267431715439368
0.20848811919913046
0.18702333972656326
0.1602900199990398
0.1333174241572893
0.12111515717780241
0.11079409864524004
0.10178492034059494
0.09361891677441546
0.08640610600016352
0.0797467055657024
0.07353878607016717
0.06836644959534288
0.06370949459572639
0.05907004779417602
0.05482894212831457
0.05080455588640054
0.04694181770560965
0.04323596181057132