19438.827993782445
19373.199466044865
18750.242175170493
18112.498845875172
17596.610106553104
17130.662806917284
16707.452004245544
16222.694509139788
15785.631423573548
15371.833617075152
14989.457113693054
14624.061070985796
14326.713029148663
14010.207984077037
13738.771459813235
13469.602377151752
13194.149757895755
12954.781952229006
12723.483671393264
12510.046415612365
12320.694559013657
12125.411322235112
11935.538037604072
11760.581227186634
11596.431071738243
11422.051272883038
11249.266536272266
11090.377152223808
10947.975024477924
10809.477388975169
10672.710908047362
10534.44337007418
10416.020413611346
10306.416275584754
10190.45347233992
10072.194512804765
9950.970606007048
9853.138740123692
9739.647842036486
9630.010461094138
9520.809466909022
9415.663587039304
9316.676652229517
9213.65901603826
9119.39821856825
9016.679213519841
8919.858890703612
8830.371049120868
8734.692045563146
8635.450390303693
8554.71172563127
8474.579751466727
8384.381963515183
8306.554170625197
8233.18378652418
8164.7696276252755
8091.218466836755
8019.313472157991
7956.3327069616835
7890.755637753198
7824.852125031729
7753.043810647029
7678.509413567691
7613.224460597841
7548.039042044307
7490.767164416456
7429.644993414792
7366.345352619471
7308.530270193015
7250.045691223264
7193.567854618722
7137.347025035655
7075.814501299026
7024.417595744976
6972.132688497162
6914.167464329155
6858.446487210975
6805.445679703895
6749.936544860718
6701.632193021981
6645.302859885068
6590.915233549922
6537.035887500401
6487.982252653669
6434.646412330436
6387.055241666395
6338.592799330252
6286.795286127938
6239.803611533844
6191.142906259187
6144.514161767985
6102.395152623266
6053.206512901252
6011.814111888395
5967.837483886757
5920.962047529842
5872.680892945593
5823.566907823813
5780.905364243241
5736.711909043141
5691.594445830234
5652.837860454036
5605.693585885165
5561.285438585754
5522.426620391674
5482.604935907421
5441.914228437948
5404.545638232284
5364.748000334384
5329.099940505826
5293.543211373559
5257.548347997677
5220.893466614922
5189.523885506604
5161.425126091182
5129.842704812425
5097.406660813919
5063.5262102908555
5027.869607001661
4990.4031887312
4954.2903188453865
4918.8420253882605
4881.654879093813
4845.184799745607
4815.504729661542
4781.795132944124
4753.120224813719
4719.70541599406
4682.272101375473
4651.46733235456
4617.271773435686
4588.167356662037
4555.312405586126
4524.688793358524
4497.064558125678
4465.072737064143
4437.742926938867
4407.419209517067
4378.804510813181
4346.596255187622
4320.279087341404
4289.495988530499
4263.628297476684
4236.058129646983
4209.876728199785
4180.64711644037
4149.965053581185
4127.182679041772
4100.776027708488
4069.2233903415818
4045.047953607925
4019.5103661505264
3993.7898213477965
3957.452034379865
3927.715112353623
3894.285761731725
3861.004895250615
3830.184716818461
3797.4769580219195
3762.39486798625
3729.1980880271817
3694.1958338153
3662.3314188874106
3630.621611392568
3601.706792704209
3569.3447946862193
3537.3904138872003
3504.0241932231174
3470.318537332701
3431.094519557257
3398.446229347807
3361.7660673531145
3327.7070312642195
3291.727949426086
3258.9512661076938
3231.595949834823
3198.814905057423
3164.6583466352245
3132.126260656644
3104.499813278245
3070.4562813035245
3038.7032856322953
3004.0282404857453
2970.995316334953
2936.2399892386643
2900.243512216138
2862.7433105328073
2831.0836786342043
2799.82500353383
2766.825160656753
2734.03865867751
2704.2157586262883
2673.1874288085487
2640.817371787535
2604.373870054872
2572.1217211753838
2542.8456980397136
2512.5661909560386
2485.1189116845107
2457.6521761070994
2428.9269545930074
2399.323025799993
2375.6456972783562
2350.558425174524
2323.00236395099
2296.1302167783247
2271.2852346704426
2247.7715678549916
2222.2150905039293
2199.743520935299
2174.477156835517
2147.32599194271
2117.480397860124
2084.894651474116
2058.767313186934
2036.1944529647806
2011.4446050583667
1985.3512044064294
1958.479522664519
1933.5018872005785
1912.0753534784035
1891.2205500619878
1870.3357741037
1850.1493856262075
1829.7134568954605
1809.5562532502186
1789.7509001648257
1768.0914377878514
1746.0522728313522
1725.8584459165197
1707.0905919855502
1688.5243805043697
1669.965044261601
1654.5604492930981
1639.5711909381412
1622.5934202341373
1604.8939169146593
1587.123392958386
1570.0398764003928
1552.4757183729712
1533.8948955496858
1516.2344661878017
1497.0849595257582
1480.7693175342793
1465.9809054202585
1452.545739959778
1439.5801594496618
1426.5032262145392
1414.2342284388667
1402.5384936122605
1390.0017194465922
1377.7741223313358
1364.5564117025197
1351.6807674996046
1340.8778840566538
1322.0611984398317
1304.0061179536356
1284.6516534810144
1265.3394329413775
1245.0536173373314
1228.5917047229386
1208.457504670765
1188.817771050571
1169.9254325980594
1148.969290926145
1129.7296094685762
1110.3860021395958
1088.6692330764915
1066.9047919618738
1043.5810873240866
1016.1400328189193
987.3000282122008
962.1083400803867
937.3297145617245
912.5065394061281
888.5474276257463
865.2633533957439
844.2129602080439
824.8833200219898
796.1612799340471
768.6113942659853
729.3941189789497
689.9899281014234
638.5007772336863
626.9945094324424
616.2298255807244
605.5272405672624
593.9013479749212
582.6039925315819
571.2326494581629
560.6178185305928
549.7686202022454
538.7350097328363
527.6175201367622
515.4427319359784
505.8840797248764
495.8538946118311
485.20111475155073
474.19281639972286
463.8382374531758
452.08019243246696
440.80407504944196
432.248711572245
424.92435045641554
416.56181381331766
408.5202726881121
401.78557518577156
394.7197910260825
387.7892506492791
381.1392660597624
375.1450207592773
369.7852569828349
362.06946083803234
354.97176364845205
347.79413664399345
342.0484943155753
337.8630877386857
333.7825577846624
330.0507037344605
325.6909712235931
321.8697366706144
318.1734173152346
313.9973614156627
310.4927381744683
306.8152178224539
303.9023821070604
300.35737034789724
296.5097406420717
293.12385329916424
289.9847624066263
286.724346935797
283.9635599470792
281.0712933033876
278.6268035262515
276.3974450853079
274.2341749584621
271.88587063789544
269.6731889104538
267.39868078796627
265.2831512545865
262.7025190566732
260.7196098275821
258.5934511851531
256.7245319316803
254.79838824428234
252.97993763605558
251.21839571838171
249.40956390103025
247.8634631487376
246.2682177757785
244.79219298216918
243.18421178528004
241.683917144189
239.9658555568326
238.30725904668816
236.83758892104234
235.11945592906093
233.6187801572817
232.04002903226328
230.48235189344604
229.29099527164902
227.8248853709991
226.49629469111912
225.16713890903972
223.86332255485829
222.5861543295272
221.16073635694158
219.97061183794057
218.75538559098825
217.64970183444984
216.46728396322865
215.42953517517057
214.34446597089888
213.14150392115766
212.06265125792189
211.0462823338178
209.86449293337702
208.82715654199214
207.8839469935847
206.86745895141954
205.69672368712028
204.37602328478604
203.03252545040124
202.12701611729346
201.26810246113502
200.40843425039708
199.60291869275042
198.75818432656905
198.04367024165484
197.2906207096975
196.53020278955455
195.6827632024279
194.87146312269374
194.19176583619165
193.44385898767578
192.70809465463302
192.09834141588715
191.45291206282573
190.8435352323576
190.1339932196833
189.5700597113652
189.06102554905013
188.49606650583948
187.93573985420724
187.27785473536653
186.68977607710633
186.15638382028203
185.59491914648257
185.13790577617158
184.4956991423493
183.96924234804413
183.47004745819913
183.04788478108813
182.57023745414696
182.03603926402016
181.5772659951404
181.15174538343754
180.67925847233204
180.19494331890505
179.758693852596
179.268361541328
178.76166434898
178.33962168342728
177.9483710185729
177.57439902920632
177.15555455373425
176.75920412824985
176.30736899002494
175.97751149446373
175.56395853106775
175.2268810415346
174.77712124401552
174.4139370888284
174.08514648133752
173.76546576607254
173.47064242155676
173.0580415837106
172.6599870259522
172.2629240863083
171.84280677223737
171.4541424972681
171.07194629030735
170.64182996982848
170.26488409677904
169.98923896145223
169.73504839716577
169.41113899066985
169.12779364991243
168.86759633503942
168.54110538274767
168.26575375040227
168.00716691258978
167.75115514569111
167.43998496909197
167.1501258699634
166.888866035091
166.61199251773655
166.3316496811977
166.04286817060054
165.7832646061933
165.49421144870684
165.21827672239525
164.93261053871115
164.68481467195446
164.4476360738425
164.23933068838974
163.98093505214428
163.74689611316305
163.52641122330635
163.2909380634649
162.9556958218679
162.63862720450797
162.30920313845857
161.94072991393742
161.61812176301117
161.34336216353725
161.0321295038372
160.72019778901713
160.3956326033589
160.16507772512946
159.94021888322268
159.76303819351477
159.52625644779556
159.32854633674657
159.12710078932818
158.93527347663482
158.73521218620834
158.53537439185274
158.31024655692056
158.0587133914632
157.8561865312485
157.64725435425933
157.45096087508674
157.27540422020792
157.11108855726644
156.92596287077006
156.75565351751075
156.57154599097512
156.36313759609925
156.13859876587472
155.97594752231953
155.80259586531508
155.60991327346758
155.42941244304987
155.2447339253573
155.06663354094317
154.87397050497415
154.70191380177155
154.52800331245137
154.35543202837863
154.207853338994
154.06959902096048
153.8856953944543
153.75990149524387
153.59939930219483
153.4468753691406
153.2557327261484
153.10936171241056
152.95079710149017
152.8115135872226
152.67882298915532
152.50666275664705
152.34389733349926
152.15879343797903
152.0281502379585
151.8500025510216
151.72447971005798
151.5356661292939
151.3982747585386
151.23991133930681
151.06479113727195
150.91822644154263
150.71219949372568
150.54597962344445
150.4106851963498
150.26054314228656
150.090386217742
149.93374813287141
149.77311064916464
149.58831356601527
149.4224529230338
149.26393601014655
149.11012396210825
148.956727929934
148.8130679095694
148.71404008791154
148.6220022580475
148.48564039358953
148.32818820990505
148.18945194155327
148.06089241764056
147.91132151448917
147.7710263351144
147.63316568779837
147.51231350882097
147.35552133208546
147.21446508073043
147.07068028277425
146.93590703343116
146.83898385235372
146.71907262733367
146.56651654008033
146.4291156075505
146.25752571568333
146.07785059204167
145.94952274699025
145.78679754794572
145.62566580743152
145.46864934411144
145.29801587277345
145.10589563287067
144.93169766113905
144.77012165201225
144.57443987340457
144.37757234401028
144.1652037711349
143.99985804560774
143.80689655009036
143.59083610241186
143.35941686905838
143.18166981723073
143.01509506827506
142.84187206142616
142.6371949816216
142.4195763603392
142.2251552764744
142.07126989383985
141.89439185571595
141.69431493611847
141.53971866064683
141.36456653391963
141.1295375614786
140.95350616764486
140.73101215123285
140.54297450832902
140.33134228033975
140.15498171720088
140.0203639979351
139.82137231367108
139.6353753557824
139.46900901794655
139.28816798591214
139.138853334237
138.9686505118687
138.77702072234501
138.6293386827063
138.4367267332672
138.17866257211006
137.9717610729047
137.7691377888699
137.56682296450373
137.35500431726848
137.11206682879057
136.89878885486112
136.69401326571074
136.46458928501764
136.29202634582649
136.0542677127689
135.83075546258024
135.63902598615383
135.44719583768162
135.2359049437079
134.99307339303354
134.7771617454728
134.6014839699495
134.40059160629028
134.2053147954849
134.02657831517723
133.8545857660957
133.66778921799525
133.47732625182812
133.30153611608614
133.00800496785754
132.73884509733816
132.4460924902176
132.20128034666905
131.9749191579227
131.66981802772986
131.41675295665848
131.20064877848532
130.94380331476793
130.66397596076632
130.39327156723525
130.15844584296062
129.91859606815677
129.6703190590346
129.42935026848738
129.17669198101945
128.93411012571084
128.66834923733126
128.38085158352166
128.14033786649227
127.89022214030759
127.59256083539789
127.37025794062801
127.14777764805943
126.89774034981396
126.65574264487502
126.41218802846561
126.17138794773177
125.94474557570732
125.69686973660122
125.51016531692923
125.3327305246388
125.1391523848243
124.92380400295714
124.74484440093103
124.55205447764025
124.37334300378302
124.20705611402403
123.99472276344225
123.81314789072943
123.62616430997751
123.44179025132522
123.25977369477776
123.09395737004455
122.93150351919247
122.7418252377619
122.5800353019274
122.36738314757444
122.18666716339717
122.01426817855315
121.85424659200419
121.70340638280126
121.54426652763475
121.36933784281743
121.24129210600645
121.08697187698391
120.90898021510628
120.73454812773589
120.59561979926762
120.415265582931
120.31472063134932
120.19998093362834
120.09000379160473
119.96862479344581
119.84751487260334
119.72009180884164
119.59701266066266
119.44635793152
119.33950691228578
119.2116417813216
119.09962221531394
118.97325726935198
118.84807425195815
118.71997168280926
118.58401266582031
118.45366831433849
118.33106977066417
118.20669006776933
118.09082968362911
117.98813487140833
117.88838634289351
117.76562487020783
117.64576792491157
117.55131804018622
117.45505130886237
117.3391021831395
117.22214106393632
117.10138733082512
116.97594885536874
116.87087068646716
116.75454940010285
116.63679486220374
116.53093209549144
116.41036132533492
116.31169096450937
116.2003580965208
116.08567179349647
115.97445506461655
115.84918179590822
115.73979545608633
115.61095427643926
115.46939295317618
115.35695946030887
115.2468984491031
115.16087927724024
115.02679160115636
114.91995863631561
114.78172630525557
114.66715216733982
114.536960975679
114.42983873047889
114.30695874903813
114.20278407902435
114.06958042257148
113.96100964318998
113.83577132769751
113.7122997603873
113.61084448424967
113.50352761678901
113.38359661801066
113.28502963264727
113.18132291385466
113.06059796659932
112.93494975964458
112.82355488325939
112.7043728111695
112.60664465322584
112.49894135018219
112.40518230780944
112.30832419810451
112.19682293416369
112.08692041572812
111.9760361864863
111.88289231864506
111.7654348663579
111.67626108103363
111.57765843809204
111.48612660322388
111.39026802592336
111.31863821448393
111.22764665783131
111.10423782087574
110.996350489536
110.91511187973526
110.80181240409259
110.69647357910104
110.59790360486255
110.52491718392318
110.42529946111095
110.33051853417484
110.23835001486601
110.14756318458795
110.0374516845711
109.93974944607166
109.85315407214082
109.7808937189803
109.69288773363976
109.58066076530477
109.49100455161982
109.40124059920156
109.3214299107417
109.23812996819734
109.1481530836637
109.04876227778443
108.94660120241849
108.83102841795647
108.71388755854166
108.61369410430932
108.50647538666753
108.40929815810296
108.295195195712
108.19595615598911
108.08891243237719
107.98308038128144
107.87360057149175
107.752738342688
107.66141067213607
107.54593971513064
107.41872320903634
107.29662535117016
107.20591308634923
107.09491864321896
106.97695060480416
106.85831123073022
106.75577122064546
106.66681925003782
106.57411958091295
106.48150702742548
106.35177139305688
106.22016145989213
106.0938759426937
105.97918424102656
105.86125544380333
105.73695955431653
105.60249599034292
105.45333732416584
105.30705107347467
105.19469525825438
105.08742748566883
104.94660556103616
104.80702648522865
104.6559765840771
104.52038858463006
104.36381946965601
104.23205089095116
104.09577083198904
103.93349421072253
103.77947537440345
103.631541165087
103.47903018349638
103.29458397267993
103.12290120881242
102.9513639853624
102.74894725110757
102.51886455903099
102.28320801909207
102.04423975421231
101.79878546539247
101.54455022462086
101.27084240691286
100.97923518221829
100.74783191959695
100.51450369714041
100.21179233580405
99.9208057416072
99.79124530434346
99.6621648857373
99.53272612843554
99.38919330623219
99.26329785845613
99.1624177671932
99.07336214356222
98.98460842780682
98.89509451661753
98.78550806593097
98.70239060173711
98.60726081177104
98.48808541160213
98.39616272282908
98.32103947525437
98.15910899120077
97.97952116305994
97.79539917316544
97.6040643198545
97.36822405721817
97.16646479710106
96.94589562646553
96.73613356375947
96.52443381188941
96.2974308824882
96.10163703804143
95.87791369694273
95.64700760721892
95.38137929234973
95.04640480510407
94.68136800845282
94.2874998992738
93.88459483297342
93.47726186491667
93.07874941307269
92.64198458837868
92.11650369933133
91.52744858891822
91.1241772824697
90.7311636316564
90.34114600830121
90.01279022368843
89.65065196240039
89.329431291286
88.98004830021219
88.60789590751763
88.22711936552915
87.7309895794245
87.17484605660347
86.57495969969607
85.85643710989251
85.45171357360735
85.04352539231797
84.65521379230297
84.17734747909398
83.62982858894381
83.01378000534301
82.65770897628161
82.36352858434462
82.09786238647334
81.84167162689705
81.57559827581879
81.31102842860459
81.05921321430473
80.7423561154516
80.40239083341793
80.01637072478498
79.77585961148323
79.51796606350268
79.23804179555272
78.95028801038065
78.68016480806888
78.42513967726835
78.33331950844102
78.25921062021578
78.19028355968959
78.12453587776169
78.05972209001807
77.99650262874407
77.9369482034347
77.88072939358504
77.8195846305406
77.76397479954038
77.71410767338426
77.66133925250462
77.62237477287681
77.58721685702757
77.5547016614839
77.52460105994516
77.4992067196374
77.47481791956264
77.45249345187118
77.430636291971
77.40812775802098
77.38748672353331
77.36666475237598
77.35092797649195
77.33586331072794
77.31984289033366
77.30559384953297
77.29230760709768
77.27902071187887
77.26648697070326
77.2546219360515
77.24382046171918
77.23379963499693
77.22470159368248
77.21565198741496
77.20653527132049
77.19831026887304
77.19021005604787
77.18266800213237
77.1752187489217
77.16749341228389
77.15943123577463
77.1505806674523
77.14453673733716
77.13862944589313
77.1326986165623
77.12735230666141
77.12203935902738
77.11676484351945
77.11073452586488
77.10360039208402
77.10000808209124
77.0969869717801
77.09436112820087
77.09189392676102
77.08948711156252
77.08730234856853
77.08524849005967
77.08323645042357
77.0813213099496
77.0792638564313
77.07782165435776
77.07647210746744
77.07530816807936
77.07415469272743
77.07309293392133
77.07194113118115
77.07096190138911
77.07004185065286
77.06910866243258