24102.315298804468
24051.332286239634
23423.95149220282
22790.19619763763
22202.95034860955
21629.748928791072
21086.459693145993
20611.639762797648
20143.32875560116
19722.20786262745
19308.743633517937
18961.701706465014
18636.74727419134
18310.734456087142
18009.025284658557
17735.02359789809
17441.58322033056
17182.68288126218
16927.41443435794
16657.20381896217
16410.29111589685
16180.93803169197
15959.371772179511
15756.189946515657
15549.373008155253
15341.908475078211
15158.444538024218
14975.081406565332
14786.332242157936
14628.747699003665
14464.240103544877
14305.370807106014
14151.298542491766
13985.96797196934
13846.204463285325
13712.48871980345
13584.701775107595
13457.23812259596
13339.593223923855
13217.494524848791
13106.502324677576
12995.40757143707
12886.694682543313
12774.342415408977
12675.3749697058
12571.914056808017
12474.325072276471
12358.888955546829
12258.910772251891
12152.02163419095
12058.034651689284
11959.419842629959
11869.601261295662
11786.750407317999
11687.857698682372
11593.494717116493
11515.499129116983
11421.6408046179
11333.509693620112
11260.73778617238
11180.500392433712
11100.967191897784
11029.122317139545
10959.229162021122
10888.328564041429
10814.160488641708
10739.098977796617
10665.24879154679
10606.711164763774
10545.685472136942
10482.45915561958
10415.322721648281
10353.44562220958
10293.34789713728
10233.621816803432
10171.477794119124
10111.293307087737
10049.604772802852
10002.500902255644
9940.911681522144
9888.359006760034
9826.613774469535
9764.143106167054
9714.877417088712
9662.914993918765
9608.671983396605
9552.638252328956
9501.95200922764
9444.593229385902
9394.97527341199
9335.986089405153
9282.108359812368
9221.71097243997
9171.486089653883
9128.77246500117
9081.41554350386
9028.625142154066
8980.479756362653
8930.323907833952
8879.92294815605
8838.772817553034
8789.503505033525
8747.57985454721
8707.961750700948
8661.646076266697
8617.859618866998
8572.824580606288
8528.608835755762
8485.94528105568
8440.668759133267
8397.962850974338
8348.273758646645
8308.459258596547
8263.135811406064
8221.110321067532
8184.661762835648
8148.394602579957
8106.769951239465
8063.625012465906
8027.281917035569
7995.143671001655
7960.5715182607
7918.728003387049
7880.125104474916
7846.310145374748
7807.554139877426
7765.2420802323495
7730.265966185042
7693.498500096208
7659.342666208898
7621.925967181465
7583.3037287936395
7546.617146076164
7514.491682529665
7479.617786685783
7448.754323511583
7404.2474012741495
7369.2702679689055
7335.820416572464
7303.620185640816
7267.82384127448
7231.80965458917
7198.134760044289
7166.449719201347
7130.080409001883
7094.994036728631
7060.708199424887
7032.796869341311
7001.980929720596
6971.581555456966
6940.67196446663
6911.790464222685
6873.880364956962
6845.453846377641
6817.437306789964
6784.432107090262
6756.645732231283
6728.999939183269
6700.1968862507565
6668.974663532139
6639.204119289173
6611.992317816809
6584.879640386733
6551.557434832557
6525.16452491182
6495.002954358797
6465.607201202805
6437.799723267434
6412.259859796979
6383.005725482006
6354.619413384454
6324.941772226329
6296.593383605175
6270.3935823143365
6242.433723304177
6220.241845960973
6199.119671634939
6173.822193211831
6145.954051185671
6120.250131753497
6095.834379746039
6069.746578958292
6044.024746248708
6017.050393592585
5990.878863855813
5962.201109319538
5936.383289469811
5912.9469732692005
5888.927662311107
5861.281494242621
5833.234143806904
5806.615188777914
5778.429751375794
5751.904249557186
5727.099580955718
5698.990692689909
5674.902406267054
5652.178417101785
5627.151473655561
5599.854809296255
5570.202312169702
5542.027976189363
5514.390533371841
5485.848057760157
5459.9994818510695
5436.959068770948
5408.858841287087
5386.657126036561
5359.197827530208
5330.456915799264
5306.766849542474
5282.605800989667
5255.8418356285365
5227.363672637923
5207.114128253031
5184.51384097614
5158.2685105596765
5135.114109665182
5106.721437392533
5080.150633757468
5052.546840263305
5027.470175891941
5000.063582607383
4971.674839354374
4944.6484444515445
4921.2071365652555
4895.665019122248
4873.600844483311
4848.06646395086
4822.693209788635
4801.372399064148
4778.9763412780285
4756.403667409394
4733.685036873796
4709.420192065984
4688.550294296296
4665.596231768971
4643.574431807503
4621.507299109545
4600.068749333642
4578.51436480284
4557.5397305083625
4534.929654405404
4513.684944949177
4492.7193496344025
4468.105994640922
4444.9915961491215
4419.893145723209
4397.925734451404
4378.410384470583
4356.930423703671
4337.5527186234485
4315.483800477133
4293.2173290895225
4274.54575911432
4256.943378301004
4236.161140501127
4214.381322742617
4193.030181773144
4168.79684262767
4151.06536391269
4131.0376586201655
4110.756040705104
4090.8023269771084
4068.8517007730384
4051.5546925092544
4029.8629066102544
4009.634297113567
3990.4298693342826
3970.5460678420336
3945.34173693275
3922.424367957771
3902.599564440949
3880.1626518020594
3854.2329481295
3831.051753694769
3808.3508073357275
3789.126491408018
3764.107701498207
3737.3340982267937
3718.132827974612
3698.5217163756247
3678.0803492870646
3657.1683553760718
3636.5315939107745
3617.203819830224
3598.451793288526
3576.0576552302227
3555.017404934795
3535.801398631081
3514.775567738276
3493.854590706902
3468.711891630022
3450.0110930400106
3429.715265196288
3412.645014372335
3389.780002054912
3367.3128983567035
3344.3418828077865
3324.1465239861895
3299.57723581244
3276.566452360519
3250.6513514804715
3224.330661386947
3206.648406953578
3188.165631168529
3170.765422740615
3149.1723077604515
3130.036665838835
3110.258420144702
3093.3297884860376
3075.7477602831086
3058.0629828476754
3038.7252056451507
3019.408765333398
3002.5289864666024
2982.984768195452
2963.0369781607224
2943.186698637972
2920.263270336595
2896.910758490891
2874.848945328692
2854.215823093048
2831.675990957596
2812.505381519916
2793.9541246722483
2772.989502411769
2752.7805627869357
2730.2513112117463
2708.676903235892
2690.2401182500384
2670.950970203564
2652.418949270405
2633.9223299393793
2610.116203751002
2591.495669674846
2571.115471518103
2551.1263714562447
2530.2874791328986
2509.148163588275
2486.4663620228625
2459.152729022955
2430.18009455794
2403.6240175255425
2375.3524158345062
2345.8188021676438
2313.1163513625806
2275.300475298914
2239.1104256280328
2205.074238645527
2187.5606326972547
2170.360861148799
2153.9780602858
2134.145305998432
2118.027177101861
2102.271567237282
2085.1625132180498
2068.562704533693
2052.1737718006493
2034.7752031412938
2016.8932385115647
1997.1867646597566
1981.9184750693203
1963.9856662291795
1947.3129425450338
1932.3430681734528
1916.911981924806
1899.9373162434308
1880.2908187335115
1862.6335618001963
1844.7603448283228
1828.2531520606499
1809.883982883327
1792.1992674384264
1773.0085881785606
1754.2156869153227
1735.7182364781056
1721.8274621092617
1707.4576236226055
1692.6848889082298
1678.911368000381
1664.9891696100544
1648.9792893736337
1635.8076266137955
1621.8005546432732
1609.2504982873152
1597.1654016840291
1583.7474206061563
1571.5913187034275
1559.2300783962544
1545.207987231958
1532.9534759231037
1523.150827966105
1512.6447330879323
1501.1223837742693
1490.0070575648622
1478.446360657697
1468.8024887736594
1458.9799103277608
1446.4816252447765
1434.8931696155569
1422.6249119910628
1411.5404378728372
1398.0938609822806
1386.1517866514807
1375.956105237168
1364.335547687942
1354.6342009486318
1341.967937819059
1330.4205000412067
1319.3342953648373
1309.292933398365
1299.192178031158
1289.8279824790982
1281.3278642624593
1273.0113248644104
1261.23912592208
1251.038982170008
1240.2562820753437
1231.4733276987959
1222.2262982973018
1213.4854666277606
1205.0039475153592
1196.5958297102368
1188.2190059080372
1180.3637506624207
1171.1268121227106
1163.062023808661
1155.2813084898564
1147.4810329149016
1139.7349358330027
1132.5082006824734
1125.1705250740881
1118.353535563956
1111.005202722771
1102.492552815378
1093.9242584605067
1086.591839456341
1078.5053097603252
1070.5511285290745
1061.5019502067003
1051.0307116142922
1041.2907652163583
1030.9568003599754
1021.6995241547739
1010.5191410649327
999.3031215008752
986.4343182927599
974.4151671429821
963.6583970362921
950.9098002057565
939.5747154059804
927.3585616927843
915.7251505435784
908.5339178599075
901.8577271494586
895.5141915427515
888.9211908649332
882.6124767928691
875.358149737038
869.775724281631
864.2566694780342
858.0106777077141
852.902597576588
846.6371234359573
840.5944270269238
834.8930015089413
828.6257827340908
822.4991459730164
816.5363887710469
810.9306951604278
804.4068114717028
799.0131486176743
793.1537784384466
786.738599827388
780.6569680416382
774.9518876456385
769.3370542998458
762.7967753302576
756.8399950458496
751.4163729050886
745.6792771009829
739.7015631448294
733.3225456854188
726.401810775408
719.6809095606168
712.7272269716584
705.1954635417236
698.2421642609761
691.3057932621066
684.3197404012991
677.9852310665891
671.7140473951908
664.7496773022183
658.3315219947024
652.4637155711039
646.455532267506
640.1597502486107
634.811523817899
629.2726808887655
623.6771810482936
617.9382109123209
612.352446753429
607.1727170975366
601.5396735158522
595.0046237834667
585.7055233046693
575.792792747947
564.0068561722442
551.9705719830048
536.3121649756812
516.54038843007
509.0959877814114
501.75830509201506
493.80810379185533
485.73280594308807
479.0955546957083
471.84544414152083
464.93587708193684
458.3261507992812
451.6794103703623
444.75254736820654
438.1705613199738
431.6087506515298
424.1622162107758
417.5068987402327
410.1146677082247
405.7614711423765
400.73121915468636
395.84083126778154
391.32385591943944
386.66492424582725
381.9873482927372
376.9724820514631
371.7799410572488
366.8308992283829
361.8510828337164
356.9517303848839
352.0561272400978
347.2139406347512
343.8770153081226
341.3071423739764
338.8253439807242
336.39001169498164
333.8427103628334
331.31335063769376
328.978702150849
326.7759648035763
324.57125926067954
322.4108343745692
318.6998457550294
314.69384518586423
310.7148269630969
306.32243979874323
300.62281192199043
297.4967088553429
294.6482935063246
292.0973043821847
289.67357109411984
287.34688868893573
285.1365148745349
282.93455178221376
280.58746906949983
278.38888584470385
275.85038023234324
273.29794322839933
270.3399645611049
266.96781389524904
265.12148293304153
263.37015440635776
261.77802610285477
260.1204077575729
258.54431754330244
256.91244817472375
255.26056456922828
253.44163104843713
251.66058795873397
249.4753909351921
248.60130821588132
247.7963387104398
247.0679213697103
246.38347368510307
245.75691126330815
245.17280222085742
244.65948939139307
244.18319911212757
243.75221758439753
243.31899335459042
242.86866110892
242.42521838953826
242.0082030415699
241.57147624464758
241.0972631647433
240.5801747748379
240.2634541378061
239.96915434516194
239.66167784915461
239.34979851639378
238.97741449560357
238.55084592093192