23028.299356910866
22997.16681227562
22415.77000473611
21875.865133301522
21347.558513315198
20882.454258179612
20430.82348538724
19999.4235938922
19586.506279834077
19208.48247422539
18803.9586323365
18484.940834099572
18174.307973814477
17872.04276287405
17566.41484594999
17307.3271861817
17040.61002432647
16784.4002280725
16524.217102702936
16305.774620247888
16078.387927687229
15892.836224596109
15707.401907567726
15517.128138063372
15331.195628058189
15157.14557877414
15005.78425115961
14840.524527049998
14678.341807209985
14532.19281686173
14386.42420524495
14238.981756346206
14110.00464188656
13965.642762145853
13838.518892972927
13708.896880537815
13592.825512185833
13477.908690707418
13369.901970300305
13251.238091555948
13140.761191305462
13027.124991651943
12923.233230413316
12827.750246977892
12729.14271452233
12643.137289228036
12564.639117534998
12474.872361559666
12374.571090217492
12272.503859562077
12188.244550777057
12100.01001664632
12018.584752012017
11948.465894609606
11864.36353317805
11786.693207491096
11716.941009945323
11641.723985024833
11567.684022548672
11503.641770186805
11424.652876042725
11358.722899615306
11290.213439777817
11225.646275016945
11161.284830878512
11101.112513556554
11044.390834129286
10977.435632639215
10913.498000626862
10853.74312938734
10792.024308862534
10740.195845719572
10682.761487391359
10632.873819290586
10580.372309057724
10527.595658368813
10479.60398363734
10422.083994038097
10375.283845791077
10327.007557299034
10276.37028523738
10228.37597662116
10177.445759790427
10125.334144641758
10083.294371945074
10041.782116888146
10000.23385539762
9962.12687312478
9922.404501051926
9879.43053552319
9846.28439225346
9808.191122326494
9765.969832664701
9723.004337519258
9681.842997108655
9645.712419425126
9606.94801464715
9572.383580752146
9535.201447736523
9492.680000635633
9457.53601253315
9419.544276924948
9386.961657762859
9354.570465729095
9323.965842499087
9291.104965660717
9257.00884784237
9225.3776376683
9197.82764130137
9163.076102621459
9130.170964709843
9098.626171681897
9063.648272956476
9028.461271062233
9002.748654976018
8969.173765080557
8941.224251215164
8912.034372069567
8885.432084584345
8855.693826710556
8829.335063188608
8806.401479506061
8780.185281151284
8753.360998917975
8727.532903834759
8701.62790953306
8674.216567008374
8647.969273791581
8622.203335955493
8599.09359538063
8577.573405515262
8549.614407806366
8527.074423741216
8502.255886325198
8479.164398705461
8456.673613170331
8429.608273710412
8405.253279247494
8385.074284474598
8363.429609543946
8342.626559286575
8313.847726690079
8288.309321817835
8268.80682001654
8245.284682548217
8228.145517247056
8208.117884652516
8185.421841203664
8166.360226935929
8147.294709681186
8126.531649672918
8107.031805841372
8089.71313610789
8071.600192523651
8049.435580128687
8032.399081041523
8013.930407212405
7997.991105370404
7980.0396584178925
7959.583989202741
7945.888344708234
7922.873861024577
7908.2844189457255
7891.3943843776615
7873.021383497356
7857.08047558195
7837.2080648462625
7822.310728818897
7802.033061912795
7785.795846128831
7765.691819754364
7746.273246996126
7725.556636711063
7709.6232325048795
7692.535296467132
7678.544757633401
7663.0735008919955
7644.501344088258
7630.088059054896
7612.84875793111
7597.37517956986
7581.682805658428
7564.371642598639
7548.461746065805
7533.29820639589
7517.584356466137
7501.6255176100985
7487.585195083859
7472.073493014298
7454.667190117784
7437.912151501525
7422.741519041786
7406.344543262496
7392.750526037019
7378.192170675649
7367.181221287919
7354.675671344319
7338.576217948352
7326.617470528281
7312.887694060168
7300.516000848122
7285.027768175342
7272.543114476873
7259.455368093621
7246.063559973426
7232.22279696009
7218.739662578341
7202.330876408051
7191.436101597699
7180.874122978439
7169.96261287559
7157.994154745477
7145.486214147457
7135.053283566598
7126.346360611169
7118.806069345088
7105.989836469925
7094.273768792424
7082.901588845693
7069.998273159713
7056.1589760570005
7043.207828829791
7030.639786919419
7017.930926710498
7006.808751791379
6993.484948122905
6984.780254023555
6971.231229569675
6960.22125897288
6948.04812438321
6937.42255430449
6925.03820858138
6912.837656242159
6902.289901234132
6891.824339922227
6879.728540481752
6870.635768309019
6857.3020745293825
6845.898346852466
6835.0039560549485
6821.6306082487445
6805.562188428082
6791.721939493238
6778.321860994218
6761.391750402012
6749.08728263813
6729.7170963313165
6712.055946942641
6694.728032809729
6680.791470095347
6665.917642378737
6650.791799320755
6634.6864700282895
6619.38988889138
6598.864001728201
6582.1301077695025
6566.497293662517
6547.128787032832
6528.249394014889
6509.095270394654
6488.526861999785
6473.814265463405
6451.663252818147
6434.578436205042
6416.130650814026
6394.304082725571
6371.756742018373
6351.422341565569
6329.371538222393
6308.41194454977
6285.412376930169
6264.153481644552
6245.92853449349
6229.990084564869
6210.713567604668
6188.769780820546
6170.328642573051
6156.441951274826
6139.070169182814
6119.746881377265
6102.388385238976
6085.7852681180875
6062.778747820312
6046.826641753329
6029.120366513829
6013.291599402929
5993.400205191378
5978.092930004193
5958.410994157601
5937.610120215428
5919.029124549371
5902.566592385432
5881.774751683496
5864.646618203989
5844.3315359225135
5816.383250246834
5799.116194926267
5782.382529479362
5763.0170194313605
5738.0409759202885
5717.999800755773
5697.0356663795965
5678.574544607342
5661.6579205780745
5640.863127078028
5618.404554318237
5596.186457266366
5577.352255096373
5556.697106896183
5538.796650840701
5521.611009159791
5502.185713404245
5483.49747040713
5461.570467471678
5441.668668479868
5421.733129000748
5403.612227273145
5385.692105401778
5360.673349765853
5339.854800845442
5322.017961717282
5303.45812678644
5285.343821076002
5267.146946638474
5248.500519782776
5228.679008256633
5210.990460109267
5190.150473208795
5176.306793120432
5158.739422422941
5139.465031645086
5119.707004390296
5103.803580168509
5083.236509621362
5066.074627311981
5047.223512203585
5032.062214543152
5015.148046456669
4998.566192097292
4975.703609590882
4954.7166051449885
4939.025591855955
4922.153227810974
4900.282267492295
4882.082430284527
4864.5349547355245
4848.600172556762
4830.624703679796
4812.213683087801
4795.850699156334
4774.758811279274
4755.91149603507
4739.772072473346
4723.571365323469
4705.900335480139
4685.56235590698
4666.931621397444
4647.160724843747
4629.646977288166
4613.828357398974
4596.49684383758
4579.826284089523
4565.0243332729615
4548.326901425535
4529.867856552333
4511.715410455998
4494.996643182761
4477.567647912274
4457.872345016017
4441.003502842216
4425.204001833508
4402.781145268591
4384.7588356718525
4368.669721509032
4352.061544092268
4333.9519589120355
4317.960691781003
4301.715717309327
4281.445248840314
4262.831839588267
4246.368681589504
4229.772489841793
4210.9351460058715
4191.5321303447245
4171.5078519999115
4154.394489191927
4136.49333250642
4118.153478046982
4099.654295522306
4079.4955459886337
4064.264069209666
4042.471356452596
4022.0581482662155
4001.8217915091036
3982.0144378930913
3959.1356208101092
3932.4094549019183
3908.3094073485595
3886.8940491412545
3868.525310980816
3844.281065890578
3822.401136771442
3802.4818004577037
3781.1202314431616
3761.8422634218705
3738.9140561022273
3715.7179984292725
3692.696152016736
3667.8112387958417
3644.7740191830553
3618.62983995097
3592.656802072655
3568.2178183561873
3540.073237262681
3517.7713885133526
3491.6020993273137
3465.0796480359004
3435.5758633530627
3405.255543684799
3379.7634612283505
3351.862932304304
3324.8847512689076
3296.75345302548
3270.7472029501964
3245.2725793222944
3215.4638440758613
3189.579597956493
3159.2721827233568
3129.350162248266
3096.289055917868
3064.7073278150874
3036.1507597843897
3006.2621632199657
2971.3048769903257
2938.652989864265
2891.8921519746937
2879.441655940225
2864.890099879026
2851.958494823475
2838.0358288039192
2823.89149944294
2811.6816330949177
2799.8163994664537
2788.3942660201346
2775.9220021702417
2762.3903817723594
2749.0797210213236
2737.9876732628613
2726.824259506379
2715.414617775762
2705.1437644327157
2693.291376870462
2680.4887333952606
2669.5950859159616
2657.948628858529
2648.846228457329
2639.0259242519796
2627.371934691061
2617.5477851335077
2604.9973833977983
2593.3197493482858
2581.3089572496474
2570.29525576917
2560.0075006565344
2551.8164894835695
2541.93090970139
2532.7709283490444
2523.08142004384
2514.1799963434223
2503.39461041475
2493.6153232185516
2480.6390825204257
2467.1563827404793
2452.3778428057585
2433.3287260809734
2415.861655747413
2397.7854937825437
2377.1729569831273
2357.334141875904
2336.019853151509
2316.89568476933
2296.754652753222
2275.935359879066
2254.173493213995
2232.845594839803
2208.560675210342
2183.027544563705
2157.3147535066737
2129.5297055553942
2091.785884530819
2054.8758688607313
2004.6952250190495
1952.7113846834627
1931.0189554480419
1913.138840084815
1892.438379243367
1870.763572330054
1849.1624816500846
1827.9212941488524
1806.7551049484016
1783.3784732462652
1753.4150924614407
1718.5599792711569
1700.851490254136
1680.267873375817
1660.0916022029667
1641.242440958842
1617.4121835807007
1597.294746836929
1576.3697035333844
1552.90675485374
1525.1105554942453
1508.9367696367428
1492.4609293422357
1475.1990107326224
1463.2067930589612
1451.2612187669117
1439.144688853077
1427.9900865532807
1415.7592572630188
1405.6883982190357
1393.1496532517197
1382.4047645224953
1372.2823723470667
1363.9443066940833
1354.2057953786623
1346.4626694409803
1337.6973025648701
1328.7137162400572
1320.157044400595
1312.5920558102814
1304.148805416103
1296.5245032585565
1289.0813841239092
1280.067381001016
1271.6058718953916
1263.4231565584655
1254.6522895455228
1245.2871676862962
1236.2884927155271
1227.8536614066168
1218.5607222060355
1210.1467020286866
1201.3814743335263
1193.112927589413
1186.055834602583
1177.6836985604086
1169.3238282277646
1159.8747173706388
1150.398995078215
1139.5436781219862
1128.929227888922
1112.9762857906092
1097.7389587006357
1080.2314818901352
1061.0896523853146
1041.0033539962506
1015.919337420938
988.2173492901725
959.5817243396749
927.2511903606845
891.2517484799589
884.4878139748686
879.055452100976
872.0716278930415
865.7127458408133
858.8949456479193
852.9184796891354
846.1640559277039
840.0378991277779
834.3023733041027
829.5997782779177
824.0839168532609
817.8518012304329
811.9299349797021
805.1850729479737
799.2506187801267
794.3438433982506
789.4979240322713
784.2374515787468
778.7112387382164
771.7844779193597
765.0162857929922
758.6447073319316
751.619977430709
744.8861452040459
737.4213191743003
730.3272083142818
722.6820622732732
714.9156244043419
707.1998301444851
700.6064648567007
694.0907867292666
687.7649423337325
680.7401865359363
672.1385752741752
664.3405104019822
656.5820998164525
645.5561310505137
631.5215278577477
617.1697107247314
599.3136840125264
575.2637018977539
549.1431727282783
521.6249659449797
514.5534501283712
507.9230016746327
501.2152595891799
494.4885410417109
488.1989334474214
482.28469649937824
476.1075167030299
470.30987107297244
464.97740656954915
459.1416764741225
452.36858481736004
446.15378658936845
439.94875016299824
434.7730020048322
429.5504004465445
424.9529165820525
420.5002698571485
415.8727081609769
411.380016841007
407.3151919068258
403.14630671342763
398.998362715796
395.0730330644827
390.91387379532466
386.568141979191
382.20253580105947
377.55128919605687
372.43355821950166
367.6641106962311
363.2381467153082
359.63840082742155
356.01577667634524
352.8276150750454
349.94790487499733
346.8384496878209
343.6483967130901
340.5241463182979
337.5408521502837
334.3579987107523
331.00322358409414
327.98133240046315
324.6968449108365
321.9664479567522
319.17522553618875
316.64301473859257
313.98466016267946
311.47529243656265
308.8595838717108
306.29362573986265
303.5841596455606
300.88235210186326
298.1872538210992
295.1647133446679
292.36952208206674
288.7323448459985
285.20387036099555
281.2929461565217
276.6472412223179
274.21454064269466
271.5392583085363
269.8289524400162
268.0750411798116
266.3933721492625
265.0121309543575
264.1687575473769
263.1141359299306
261.9976535428756
260.9070182859519
259.91355150334124
258.9463164099884
257.92843444380014
256.99721361815165
256.1750358136021
255.38659214346475
254.63250911909046
253.80200785191715
253.04515516269197
251.90698695635086
250.71734199427948
249.34593377800624
248.53333475199312
247.7196716999626
246.9388715653253
246.18574524948795
245.4621551359638
244.84285758753256
244.1881525735733
243.49546916349354
243.01730010796393
242.5356493265636
242.06278664836506
241.61434724411302
241.15626657027485
240.6980158866318
240.23516441963483
239.77612127825958
239.31299506235268
238.9287165036125
238.51365200162408
238.184609875079
237.82814059876458
237.52480887639825
237.1889443595345
236.8595858209717
236.52865144938602
236.18519333103248
235.8253351794494
235.40506721031755
234.87564663857668
234.42010021554628
234.26231993148787
234.12217928426526
234.0010196161044
233.88192130546614
233.7658219473491
233.66685920703378
233.5661441515755
233.46297151751978
233.35979163902996
233.25814077265522
233.1489190838035
233.02757440421368
232.895642904648
232.75927886133775
232.69356047258364
232.63047264796504
232.56787703589754
232.4973535780257
232.46064908050334
232.42805150203148
232.3983672624871
232.37078710827387
232.34486361272067
232.32076338663902
232.29917269644096
232.27751781756592
232.25614825989985
232.23635096135095
232.21808972139476
232.2003903786444
232.18338490058787
232.16976377463274
232.15484804024658
232.14141945636493
232.12924614985496